35.080	35.860	35.070	35.860	721400	35.860
37.650	38.800	35.910	36.490	1947900	36.490
36.590	36.590	36.250	36.565	554100	36.565
36.280	36.490	35.850	36.200	1116700	36.200
36.600	36.990	36.450	36.990	800600	36.990
37.300	37.700	37.170	37.280	1096300	37.280
36.630	37.070	35.510	35.960	1076400	35.960
35.580	36.445	35.545	36.445	833900	36.445
36.750	36.750	36.375	36.700	591500	36.700
36.750	36.800	35.910	36.140	824700	36.140
36.140	36.370	35.800	36.100	390500	36.100
36.060	36.570	35.580	36.350	513300	36.350
36.225	36.540	35.330	35.620	562600	35.620
35.665	35.765	34.780	34.875	993100	34.875
34.875	35.190	34.480	34.860	708000	34.860
34.450	35.170	34.450	35.000	672900	35.000
34.850	35.235	34.610	35.010	565100	35.010
34.660	34.895	34.210	34.530	656700	34.530
34.625	34.715	34.020	34.090	1317500	34.090
34.385	34.390	33.890	34.190	558100	34.190
33.875	34.290	33.800	34.110	485900	34.110
34.055	34.490	33.800	34.400	599700	34.400
34.435	34.780	33.860	33.925	982900	33.925
34.030	34.075	31.840	32.090	2227500	32.090
31.610	32.830	30.915	32.500	2972800	32.500
32.550	32.940	32.140	32.695	1140100	32.695
32.475	33.030	32.330	32.900	1100800	32.900
32.905	33.700	32.820	33.110	909500	33.110
33.285	33.400	32.185	32.700	1248100	32.700
32.980	33.170	32.440	32.700	1534900	32.700
33.000	33.320	32.870	33.040	492200	33.040
33.180	33.390	32.460	33.050	551700	33.050
33.050	33.405	32.970	33.200	756300	33.200
33.030	33.490	32.900	33.300	673300	33.300
33.300	33.975	32.805	33.850	1423400	33.850
33.850	34.040	33.300	33.645	497100	33.645
33.685	34.030	33.025	33.340	532900	33.340
33.460	33.460	32.730	33.195	565700	33.195
33.195	33.380	32.075	32.475	1208300	32.475
32.635	32.950	32.240	32.640	792800	32.640
32.900	33.560	32.865	33.350	785900	33.350
33.350	33.805	32.810	33.600	765800	33.600
33.580	33.850	33.040	33.730	710500	33.730
33.730	34.000	33.150	33.810	1105300	33.810
33.810	34.450	33.810	34.290	827000	34.290
34.580	34.590	34.110	34.200	685600	34.200
34.200	34.230	33.435	33.850	931600	33.850
33.850	34.120	33.740	34.020	610200	34.020
34.020	34.320	33.710	33.905	381700	33.905
33.990	34.335	33.875	34.335	582300	34.335
34.335	34.350	33.890	34.070	493200	34.070
34.280	34.350	33.900	34.150	525400	34.150
34.250	34.450	34.100	34.400	552500	34.400
34.400	34.615	34.150	34.330	631500	34.330
34.330	34.650	33.825	34.150	551900	34.150
34.040	34.040	33.430	33.825	901300	33.825
33.825	34.450	33.740	34.130	803000	34.130
34.330	34.330	33.610	33.830	573700	33.830
34.120	34.480	33.650	34.480	624100	34.480
34.490	34.610	34.270	34.450	389800	34.450
34.490	34.780	34.275	34.500	476800	34.500
34.690	34.800	34.425	34.480	1072700	34.480
34.395	34.795	34.000	34.160	714000	34.160
34.535	35.100	34.280	35.100	624600	35.100
35.100	35.950	34.870	35.305	899200	35.305
35.340	35.500	34.950	35.430	691700	35.430
35.310	35.320	34.580	34.855	850100	34.855
35.135	35.830	35.085	35.830	926900	35.830
35.830	36.200	35.765	35.855	546400	35.855
35.530	35.950	35.530	35.890	1059600	35.890
35.900	36.095	35.800	36.025	407300	36.025
36.025	36.150	35.550	35.925	513100	35.925
35.925	36.015	35.360	35.525	1248300	35.525
35.170	35.500	35.010	35.435	415600	35.435
35.665	35.750	35.400	35.685	753500	35.685
35.860	35.860	34.940	35.000	654000	35.000
34.790	35.120	34.000	34.410	1059700	34.410
34.670	35.430	34.575	35.200	788500	35.200
35.480	35.740	34.900	35.085	709700	35.085
34.860	35.230	33.800	33.920	1150700	33.920
33.505	34.250	33.200	33.300	1553300	33.300
32.950	34.450	32.920	34.245	1109300	34.245
34.245	34.700	33.900	34.155	3507800	34.155
34.155	35.290	33.990	34.265	3114900	34.265
34.060	34.375	32.380	32.655	2212700	32.655
32.705	32.930	31.550	31.790	1920700	31.790
32.700	32.700	30.920	31.330	1882700	31.330
31.330	31.535	30.210	30.890	1762200	30.890
33.500	33.500	31.800	33.000	2877200	33.000
32.350	32.890	31.625	32.490	1392200	32.490
32.490	33.000	31.935	32.565	1892500	32.565
32.750	32.920	31.595	32.090	1629700	32.090
32.090	32.120	30.130	30.740	1708100	30.740
30.500	31.275	30.220	30.505	1310300	30.505
30.685	31.100	30.365	30.910	2395200	30.910
30.585	30.815	29.950	30.260	1061000	30.260
30.360	30.610	28.900	29.630	1324200	29.630
29.845	30.200	28.940	30.000	2462700	30.000
30.000	30.610	29.000	30.035	1364300	30.035
29.235	29.395	28.590	29.205	1605400	29.205
29.475	29.995	29.130	29.400	1566800	29.400
29.890	30.175	29.060	30.115	1459900	30.115
30.610	30.610	29.985	30.400	1316700	30.400
30.290	30.630	30.180	30.630	507900	30.630
30.425	30.530	29.420	30.310	1040000	30.310
30.325	30.505	29.510	30.165	611800	30.165
30.610	30.840	30.125	30.260	778900	30.260
30.325	30.450	29.050	29.490	1249200	29.490
29.240	29.920	28.885	29.240	900300	29.240
29.630	29.630	28.610	28.905	1003400	28.905
28.925	29.585	28.900	29.550	651600	29.550
29.490	30.490	29.075	30.280	774900	30.280
30.535	31.995	30.290	31.670	2002300	31.670
31.990	31.990	31.050	31.510	1461800	31.510
31.360	31.850	31.245	31.710	693900	31.710
31.680	31.750	30.765	31.110	1075800	31.110
31.200	31.395	30.750	31.045	721800	31.045
31.050	31.710	30.970	31.535	1690500	31.535
32.000	32.395	31.700	32.010	900600	32.010
32.170	32.375	31.700	32.065	826600	32.065
31.720	32.500	31.710	31.985	657100	31.985
31.985	32.270	31.220	31.390	1421900	31.390
31.330	31.630	30.650	30.885	1229200	30.885
31.095	31.545	30.830	31.455	722100	31.455
31.220	31.290	30.170	30.235	958300	30.235
30.170	30.465	29.800	30.190	811300	30.190
29.530	30.695	29.465	30.425	2250200	30.425
29.275	30.050	29.065	29.480	2096400	29.480
29.480	32.295	29.400	31.060	1926500	31.060
30.900	32.250	30.900	31.700	1656100	31.700
31.965	32.465	31.250	32.400	1822800	32.400
32.520	32.875	32.050	32.500	930000	32.500
32.500	32.730	31.970	32.200	986000	32.200
32.150	32.490	31.750	31.955	723600	31.955
32.000	32.590	31.960	32.520	744900	32.520
32.520	32.640	32.150	32.470	413800	32.470
32.470	32.740	31.990	32.500	947200	32.500
32.500	32.645	31.800	32.000	805800	32.000
32.000	32.430	31.450	31.655	645400	31.655
32.075	32.075	31.265	31.995	588000	31.995
32.090	32.435	31.790	32.000	785400	32.000
31.850	32.650	31.730	32.585	683800	32.585
32.370	33.150	32.190	32.930	673000	32.930
33.090	33.215	32.540	33.000	655100	33.000
33.190	33.245	32.800	33.000	428200	33.000
33.030	33.190	32.800	33.060	588900	33.060
33.060	33.925	33.010	33.500	680100	33.500
33.490	33.600	33.065	33.290	623400	33.290
33.740	34.470	33.385	34.330	719800	34.330
34.105	34.530	34.045	34.460	360000	34.460
34.475	34.645	33.840	34.490	641300	34.490
34.660	35.000	34.200	34.620	540000	34.620
35.000	35.000	34.100	34.200	955300	34.200
34.645	34.800	34.520	34.775	389100	34.775
34.455	34.665	34.050	34.325	580000	34.325
34.325	34.705	33.400	33.415	903800	33.415
33.445	33.990	33.100	33.295	1019700	33.295
33.585	33.650	33.035	33.105	668400	33.105
33.135	33.400	32.845	33.190	605500	33.190
33.290	33.830	33.050	33.790	394500	33.790
33.550	34.220	33.450	34.130	869300	34.130
34.270	34.470	33.580	33.595	732200	33.595
33.490	33.705	33.030	33.050	503200	33.050
33.050	33.380	32.810	33.040	289400	33.040
32.595	32.880	32.160	32.435	568500	32.435
32.460	32.530	31.680	32.100	513500	32.100
32.240	32.495	32.100	32.260	466700	32.260
32.210	32.875	32.005	32.745	404700	32.745
32.630	32.985	32.530	32.700	336200	32.700
32.090	32.985	32.015	32.725	542900	32.725
33.010	33.680	32.550	33.680	615100	33.680
33.580	34.150	33.375	34.105	473000	34.105
34.260	34.490	33.810	34.280	629600	34.280
34.500	34.500	34.110	34.340	501000	34.340
34.340	34.450	33.880	34.100	426900	34.100
34.100	34.540	33.870	34.475	1291300	34.475
34.475	34.645	34.085	34.645	759000	34.645
34.790	34.850	34.400	34.800	392700	34.800
34.990	35.090	34.720	34.980	623300	34.980
34.980	35.010	34.610	35.010	579900	35.010
35.090	35.090	34.400	34.800	786800	34.800
34.960	36.700	34.810	35.825	1583600	35.825
35.825	36.750	35.725	36.085	1438100	36.085
36.085	36.470	35.820	36.295	676300	36.295
36.120	37.030	36.120	36.865	841700	36.865
37.070	37.070	35.980	36.185	640200	36.185
36.185	36.320	35.770	36.240	668300	36.240
36.240	36.835	36.040	36.740	840900	36.740
36.740	37.030	36.340	36.660	542500	36.660
36.555	36.705	36.045	36.660	436200	36.660
36.445	36.750	36.155	36.570	435100	36.570
36.495	37.100	36.300	36.625	975200	36.625
36.510	36.850	36.120	36.460	743900	36.460
36.340	36.500	35.775	36.110	541200	36.110
36.300	36.310	35.765	36.310	888900	36.310
36.400	36.800	36.345	36.785	704400	36.785
36.670	36.900	36.350	36.755	19319700	36.755
36.640	37.200	36.640	37.145	472400	37.145
37.140	37.295	36.890	37.230	372300	37.230
37.075	37.295	36.640	37.140	423300	37.140
37.200	37.550	37.080	37.400	970700	37.400
37.320	37.935	37.320	37.820	445500	37.820
37.950	38.000	37.665	37.890	870000	37.890
37.730	37.840	37.280	37.705	386200	37.705
37.705	37.975	37.440	37.755	393300	37.755
37.755	37.950	37.490	37.800	574600	37.800
37.800	38.380	37.680	38.245	506400	38.245
38.195	38.565	37.950	38.375	468700	38.375
38.700	38.700	37.750	37.840	446300	37.840
37.900	38.035	37.470	37.925	397400	37.925
37.925	38.145	37.540	37.880	430800	37.880
37.880	38.175	37.355	37.830	520100	37.830
37.830	38.000	37.225	37.710	594200	37.710
37.950	38.100	36.755	37.050	643200	37.050
36.600	37.250	36.600	37.095	642600	37.095
37.005	37.300	36.340	36.490	786900	36.490
36.685	37.350	36.410	36.590	759600	36.590
36.440	37.100	35.615	36.035	836700	36.035
35.630	37.010	35.630	36.480	731400	36.480
36.480	37.020	36.315	37.000	948000	37.000
37.065	37.750	37.000	37.430	645200	37.430
37.110	37.445	36.055	36.320	1526800	36.320
36.320	37.130	35.570	36.500	726800	36.500
36.220	37.250	36.220	37.090	536800	37.090
36.730	36.965	35.870	35.925	563600	35.925
36.030	36.250	35.870	36.065	472600	36.065
36.200	36.790	36.185	36.300	539400	36.300
36.380	36.685	36.120	36.470	832600	36.470
36.520	36.995	35.390	35.600	652600	35.600
35.050	35.500	34.750	34.950	729500	34.950
34.810	35.350	34.650	35.170	432800	35.170
35.200	35.595	34.700	34.970	2186500	34.970
34.995	35.505	34.230	34.535	907500	34.535
34.240	34.690	33.650	33.885	646900	33.885
33.760	34.250	33.590	33.825	596700	33.825
33.730	34.605	33.180	34.550	965800	34.550
34.600	35.230	33.945	34.810	715000	34.810
34.550	35.280	34.550	35.160	656700	35.160
35.800	35.990	35.185	35.845	567900	35.845
35.765	36.470	35.745	35.745	688600	35.745
35.665	36.495	35.560	35.950	724400	35.950
35.960	36.405	35.800	35.855	562900	35.855
36.005	36.090	35.650	35.900	318100	35.900
36.105	36.150	35.670	36.000	402000	36.000
35.900	36.100	35.555	35.830	576800	35.830
35.900	35.900	34.795	35.440	745300	35.440
35.575	35.680	35.150	35.500	361400	35.500
35.950	35.950	34.870	35.120	1015800	35.120
34.985	35.610	34.880	35.500	599100	35.500
35.700	36.050	35.560	35.800	512200	35.800
35.710	35.960	35.325	35.600	298900	35.600
35.535	35.810	35.480	35.700	393400	35.700
35.700	36.000	34.940	35.000	319200	35.000
35.000	35.315	34.760	35.080	200500	35.080
35.000	35.600	35.000	35.600	319000	35.600
35.485	35.705	34.930	35.075	536100	35.075
34.850	35.670	34.850	35.200	455700	35.200
35.195	35.540	34.350	34.415	831000	34.415
34.280	34.470	33.050	33.400	1806700	33.400
33.400	33.715	33.280	33.400	444000	33.400
33.435	33.500	32.685	32.685	728400	32.685
32.435	32.665	32.040	32.640	648600	32.640
32.450	33.335	32.450	33.255	630700	33.255
33.630	34.675	33.290	34.455	1098400	34.455
34.340	35.240	34.180	34.460	791100	34.460
34.950	35.260	34.630	34.810	768200	34.810
34.890	35.050	34.375	34.380	426600	34.380
34.320	35.550	34.320	35.550	1007200	35.550
35.650	36.000	35.505	35.935	1038800	35.935
36.080	36.490	35.945	36.490	1271000	36.490
36.500	37.000	36.020	36.430	1307100	36.430
36.300	36.720	35.690	36.435	555500	36.435
36.665	36.855	36.070	36.630	834800	36.630
36.430	36.990	36.430	36.880	529500	36.880
36.990	37.470	36.500	37.175	685500	37.175
37.200	37.450	36.915	36.915	752100	36.915
37.200	37.950	36.700	37.700	881200	37.700
37.940	37.990	37.345	37.940	1744000	37.940
38.000	38.270	37.345	37.345	960200	37.345
33.500	34.665	33.450	33.780	27201400	33.780
34.075	34.940	33.905	34.940	4307800	34.940
35.330	35.350	34.600	34.860	2490500	34.860
34.180	34.350	33.700	33.790	1996300	33.790
33.800	33.865	33.150	33.150	5135000	33.150
33.000	33.185	32.640	33.000	2205200	33.000
33.240	33.255	32.660	32.730	1787500	32.730
32.900	33.300	32.750	32.890	1764200	32.890
32.890	33.310	32.760	33.000	1489800	33.000
33.150	33.590	33.125	33.570	1506700	33.570
33.615	33.990	33.575	33.840	2457100	33.840
33.960	34.050	33.405	33.770	876300	33.770
33.770	33.800	32.965	33.020	1772800	33.020
32.950	32.975	32.225	32.400	1213200	32.400
32.430	32.590	32.095	32.430	3247500	32.430
32.350	32.810	32.160	32.640	2687800	32.640
32.800	33.330	32.450	33.240	718200	33.240
33.135	33.410	33.080	33.245	1006100	33.245
33.410	33.670	33.075	33.205	823800	33.205
33.080	33.100	32.610	32.870	551700	32.870
32.875	33.000	32.480	32.720	648600	32.720
32.675	33.150	32.600	32.815	690000	32.815
33.000	33.370	32.535	32.560	1272900	32.560
32.700	32.805	32.140	32.550	1262000	32.550
32.555	32.780	32.360	32.455	880500	32.455
32.160	32.430	31.705	32.240	845800	32.240
32.000	32.420	31.915	32.105	933300	32.105
31.935	32.560	31.665	31.900	1876100	31.900
31.535	31.605	30.835	31.430	1452500	31.430
31.360	31.770	30.615	30.795	1496200	30.795
30.830	31.395	30.660	31.125	769000	31.125
31.200	31.540	30.830	31.290	1403500	31.290
31.800	31.960	31.380	31.930	1163600	31.930
31.930	32.200	31.590	31.670	762600	31.670
32.000	32.110	31.535	32.070	846700	32.070
31.720	32.505	31.700	32.505	643000	32.505
32.840	33.200	32.710	32.810	1060800	32.810
32.865	32.955	32.535	32.810	917500	32.810
32.825	32.945	32.630	32.930	596100	32.930
33.150	33.260	33.000	33.115	472100	33.115
33.245	33.450	33.080	33.080	746800	33.080
33.145	33.385	32.860	33.315	729300	33.315
33.150	33.475	33.020	33.250	584200	33.250
33.345	33.375	32.605	32.995	936200	32.995
33.050	33.570	33.025	33.485	492200	33.485
33.100	33.250	32.860	33.050	800900	33.050
33.190	33.350	33.105	33.280	534200	33.280
33.175	33.345	32.585	32.750	1293500	32.750
32.650	33.040	32.285	32.450	1037800	32.450
32.655	32.880	32.520	32.600	694700	32.600
32.370	32.720	32.335	32.475	651500	32.475
32.555	32.650	31.950	32.110	908500	32.110
32.150	32.170	31.420	31.565	777700	31.565
31.560	31.600	31.140	31.510	677800	31.510
31.710	32.195	31.610	32.040	585300	32.040
32.320	32.750	32.020	32.705	685500	32.705
32.235	33.180	32.220	32.935	1117300	32.935
33.150	33.500	33.150	33.375	876000	33.375
33.500	33.890	33.480	33.880	1233500	33.880
33.990	34.150	33.515	33.965	4691600	33.965
34.440	34.500	34.010	34.235	4090900	34.235
34.310	34.360	33.850	34.000	852800	34.000
33.920	34.370	33.780	33.910	1049700	33.910
34.080	34.160	33.140	33.250	1004000	33.250
33.230	33.685	33.125	33.320	989500	33.320
33.335	33.335	32.640	32.895	638600	32.895
32.800	33.090	32.655	33.000	667600	33.000
33.010	34.140	33.010	33.750	661800	33.750
33.325	33.690	33.060	33.165	867100	33.165
33.430	33.430	32.500	32.665	754100	32.665
32.500	32.915	32.320	32.725	652700	32.725
32.480	32.645	31.920	31.920	1379100	31.920
32.260	32.670	32.105	32.540	768000	32.540
32.540	32.755	32.255	32.600	422800	32.600
32.650	32.850	31.905	32.050	1132600	32.050
31.870	32.185	31.550	31.935	694700	31.935
31.855	32.230	31.750	32.185	587800	32.185
32.015	32.250	31.810	32.230	684000	32.230
32.180	32.545	32.050	32.190	375100	32.190
32.350	32.660	32.060	32.475	295100	32.475
32.275	32.510	32.240	32.495	314600	32.495
32.690	33.500	32.690	33.370	818800	33.370
33.370	33.570	32.555	32.690	575300	32.690
32.500	33.225	32.405	32.850	428600	32.850
32.800	32.965	32.330	32.815	541600	32.815
32.800	32.800	32.090	32.220	384900	32.220
32.150	32.180	31.870	32.070	423500	32.070
31.940	32.050	31.630	31.670	1981200	31.670
31.775	32.135	31.575	32.080	437700	32.080
32.105	32.240	31.220	31.340	448600	31.340
31.440	31.675	31.240	31.340	813600	31.340
31.400	32.095	31.400	31.915	653600	31.915
31.880	31.880	31.015	31.075	715100	31.075
31.050	31.635	30.880	31.505	903600	31.505
31.220	31.865	31.000	31.625	1250800	31.625
31.370	31.370	30.800	31.050	987600	31.050
31.100	31.985	31.100	31.930	729900	31.930
32.000	32.000	31.400	31.445	599800	31.445
31.495	31.495	30.715	30.825	1507900	30.825
31.025	31.045	29.970	30.045	1111800	30.045
30.055	30.450	29.970	30.355	575500	30.355
30.325	30.500	30.000	30.375	2625300	30.375
30.515	31.600	30.515	31.450	2189500	31.450
31.610	32.520	31.530	32.520	1921500	32.520
32.490	33.350	32.430	33.000	1763600	33.000
33.150	33.150	32.600	32.800	723200	32.800
31.605	31.865	31.130	31.140	873100	31.140
31.245	31.270	30.500	30.700	973100	30.700
31.000	31.015	30.565	30.800	403400	30.800
30.800	31.130	30.460	30.745	2219000	30.745
30.500	30.580	29.655	29.910	3465500	29.910
29.620	29.630	28.650	29.350	1693800	29.350
29.080	29.705	29.070	29.600	789900	29.600
29.200	29.530	29.095	29.205	793900	29.205
29.105	29.290	28.825	29.010	716100	29.010
28.870	29.210	28.310	28.400	632000	28.400
28.430	29.100	28.430	29.010	552500	29.010
29.150	29.720	29.115	29.460	513800	29.460
29.700	30.250	28.950	30.115	1044300	30.115
30.450	31.400	30.320	30.750	1746300	30.750
30.650	30.650	30.030	30.030	453300	30.030
30.160	30.250	29.640	29.830	17509600	29.830
29.620	29.855	29.255	29.460	542600	29.460
29.215	29.810	29.000	29.410	1711100	29.410
29.000	29.760	29.000	29.485	786300	29.485
29.700	29.860	28.310	28.310	562700	28.310
27.935	28.270	27.580	27.605	899000	27.605
27.195	28.125	26.850	27.015	1430200	27.015
27.610	27.615	26.045	26.125	2035200	26.125
25.200	27.215	25.170	26.385	1590500	26.385
26.250	27.080	25.935	25.975	1408800	25.975
26.060	26.760	24.760	25.345	2854700	25.345
25.860	25.865	24.500	24.775	1652500	24.775
25.495	26.235	24.585	26.020	2200300	26.020
26.045	27.340	25.520	27.325	1147700	27.325
27.595	27.615	27.100	27.450	269000	27.450
27.460	27.460	26.700	27.225	890400	27.225
27.480	27.775	27.050	27.650	440000	27.650
27.300	27.470	25.940	26.000	1218200	26.000
25.935	26.065	25.105	25.750	1021000	25.750
25.600	26.590	25.435	26.100	732700	26.100
26.565	26.780	25.890	26.315	504900	26.315
26.490	26.985	26.250	26.800	346400	26.800
27.100	27.480	26.825	26.850	583900	26.850
26.830	27.050	26.010	26.490	739100	26.490
27.000	27.595	26.890	27.480	295500	27.480
27.480	27.870	27.450	27.750	414800	27.750
28.060	28.650	28.020	28.570	853800	28.570
28.655	28.815	28.100	28.525	927200	28.525
28.250	28.445	27.365	27.710	713800	27.710
27.300	27.300	26.200	26.500	520200	26.500
26.200	26.665	25.640	25.850	1215300	25.850
26.565	26.565	26.085	26.520	509100	26.520
26.570	27.295	26.460	27.160	569300	27.160
26.910	27.535	25.960	25.960	579300	25.960
25.350	25.625	25.120	25.200	830700	25.200
25.675	25.675	24.760	25.500	499400	25.500
25.290	26.100	25.200	26.050	534200	26.050
26.350	26.680	26.120	26.515	904200	26.515
26.675	26.745	26.155	26.590	1288500	26.590
26.075	26.450	26.005	26.120	762600	26.120
26.000	26.325	25.750	26.075	1046900	26.075
26.095	26.250	25.800	25.960	1524400	25.960
25.180	25.515	24.700	24.895	1124000	24.895
25.090	25.275	23.960	24.945	898200	24.945
24.320	25.800	24.320	25.425	837400	25.425
26.000	26.815	25.730	26.805	1061300	26.805
26.400	27.285	26.290	27.080	1052600	27.080
26.930	27.240	26.695	27.150	1259000	27.150
27.000	27.110	26.395	26.590	1155300	26.590
26.180	26.365	25.970	26.190	852700	26.190
25.975	25.990	24.695	25.185	1560400	25.185
25.760	25.760	25.075	25.740	1637900	25.740
25.935	26.710	25.910	26.710	1091000	26.710
26.855	26.980	26.360	26.730	790100	26.730
26.915	27.200	26.765	27.200	478700	27.200
27.210	27.340	26.815	27.185	660100	27.185
27.065	27.855	26.900	27.685	553200	27.685
27.665	27.990	27.110	27.480	1510100	27.480
27.635	28.050	27.530	28.000	813600	28.000
28.295	28.610	27.500	27.745	738700	27.745
27.515	27.895	27.300	27.670	1104500	27.670
27.800	27.810	27.150	27.450	877100	27.450
27.115	27.330	26.630	26.795	983400	26.795
26.950	27.690	26.950	27.565	1282300	27.565
27.740	28.250	27.405	28.250	690800	28.250
28.090	28.395	27.715	27.990	769500	27.990
27.990	28.295	27.550	27.955	804200	27.955
28.640	28.955	28.420	28.900	1000900	28.900
29.030	29.110	28.400	28.585	937500	28.585
28.185	28.600	27.445	27.450	919000	27.450
26.980	27.000	26.220	26.400	633200	26.400
26.635	26.860	25.805	26.150	1052900	26.150
25.820	27.030	25.820	26.935	879900	26.935
27.005	27.200	26.140	26.225	924600	26.225
26.000	26.680	25.570	26.450	957900	26.450
26.325	26.755	26.285	26.445	461500	26.445
26.790	26.800	25.290	25.645	1230400	25.645
25.200	26.145	25.065	25.675	851000	25.675
25.550	26.280	25.500	26.115	643000	26.115
26.370	26.730	25.160	25.230	1018700	25.230
25.490	25.490	23.900	24.310	1364500	24.310
24.150	24.710	24.150	24.380	843800	24.380
24.300	24.590	24.000	24.210	948400	24.210
24.025	24.510	24.005	24.225	1736200	24.225
24.200	24.320	22.910	22.980	1016500	22.980
23.030	23.430	22.205	22.295	1091300	22.295
22.065	22.650	21.835	21.840	1224900	21.840
21.925	22.300	21.475	21.745	952400	21.745
21.860	22.000	21.320	21.875	551900	21.875
22.150	22.875	21.985	22.830	1045300	22.830
22.720	23.115	22.600	22.950	718600	22.950
22.710	24.025	22.685	24.025	1566000	24.025
24.130	24.130	23.625	23.625	631800	23.625
23.970	24.210	23.775	23.865	649500	23.865
24.025	24.660	23.985	24.195	6525600	24.195
24.080	24.205	23.820	23.995	533900	23.995
24.250	24.450	23.600	23.990	1208400	23.990
23.990	24.150	22.980	22.995	1069200	22.995
22.795	23.650	22.795	23.435	977800	23.435
23.435	23.455	22.590	22.690	1101200	22.690
22.795	23.140	22.355	22.605	853400	22.605
22.455	22.910	21.890	21.935	1405600	21.935
21.975	22.390	21.970	22.190	1018800	22.190
22.400	22.775	22.200	22.620	1353100	22.620
22.395	22.945	22.350	22.555	1064800	22.555
22.475	23.180	22.370	23.135	725600	23.135
23.380	23.570	22.505	22.595	661500	22.595
22.675	23.150	22.640	22.740	494400	22.740
23.020	23.245	22.910	23.000	577500	23.000
23.200	23.330	22.945	22.990	188800	22.990
22.935	23.140	22.585	22.595	563300	22.595
22.680	22.945	22.350	22.840	274400	22.840
22.880	23.070	22.630	22.900	442700	22.900
23.065	23.290	22.955	23.250	220100	23.250
23.340	23.600	23.055	23.600	513200	23.600
23.685	23.800	23.075	23.145	456600	23.145
23.130	23.145	22.200	22.200	1145900	22.200
22.235	22.690	22.020	22.240	541200	22.240
22.270	22.620	22.010	22.050	966900	22.050
22.270	22.685	22.110	22.505	607400	22.505
22.425	22.955	22.345	22.770	847500	22.770
22.950	23.255	22.650	22.775	699100	22.775
22.885	23.140	22.600	22.895	663500	22.895
22.780	23.050	22.690	23.000	270900	23.000
23.200	23.565	23.105	23.435	6240600	23.435
23.300	23.300	22.450	22.580	1228100	22.580
22.715	23.145	22.660	22.950	1905100	22.950
23.055	23.055	22.805	22.870	950100	22.870
22.870	23.145	22.850	23.095	963300	23.095
23.000	23.040	22.600	22.880	1016200	22.880
23.010	23.140	22.520	22.705	629400	22.705
22.940	23.320	22.760	23.310	839000	23.310
23.270	23.500	23.135	23.310	962700	23.310
23.130	23.340	22.750	22.805	870200	22.805
22.990	23.600	22.810	23.580	1921600	23.580
23.650	24.330	23.650	24.255	7139800	24.255
24.400	24.670	24.235	24.605	706200	24.605
24.640	24.990	24.360	24.900	1246500	24.900
24.900	25.100	24.830	25.090	3396100	25.090
24.205	24.350	23.560	23.845	1190900	23.845
23.850	24.120	23.610	23.630	723300	23.630
23.650	24.050	23.570	24.050	4005600	24.050
23.850	23.955	23.500	23.500	1168000	23.500
23.735	23.880	23.475	23.600	872200	23.600
23.525	23.725	23.285	23.400	517400	23.400
23.495	23.590	23.130	23.200	485900	23.200
23.135	23.135	22.560	23.005	719400	23.005
23.150	23.675	23.150	23.420	961300	23.420
23.535	23.845	23.435	23.745	419300	23.745
23.725	24.090	23.570	23.605	623800	23.605
23.590	24.415	23.590	24.240	1428900	24.240
24.015	24.200	22.910	23.030	823700	23.030
23.155	23.345	22.705	22.755	746000	22.755
22.720	22.845	22.170	22.725	900400	22.725
22.725	23.125	22.600	22.820	626900	22.820
22.670	22.980	22.310	22.335	975300	22.335
22.375	22.375	21.580	21.765	1363500	21.765
21.790	21.975	21.695	21.695	581200	21.695
21.550	21.775	20.900	21.295	943100	21.295
21.245	21.245	20.740	20.740	931100	20.740
20.730	20.925	20.530	20.880	1212400	20.880
21.000	21.210	20.530	21.185	1110600	21.185
21.260	21.685	21.090	21.550	2167800	21.550
21.615	21.680	21.080	21.205	936100	21.205
21.455	21.870	21.280	21.775	710600	21.775
21.890	22.120	21.865	21.900	757000	21.900
22.000	22.030	21.700	22.030	1944300	22.030
22.030	22.030	21.585	21.875	1471400	21.875
22.005	22.280	21.855	22.160	1512300	22.160
22.200	22.200	21.755	21.965	556700	21.965
21.930	22.075	21.310	21.585	812800	21.585
21.610	21.610	20.970	21.055	628000	21.055
21.000	21.195	20.855	21.100	842400	21.100
21.200	21.200	20.020	20.265	1531500	20.265
20.310	20.400	19.820	19.965	1975300	19.965
20.020	20.070	19.070	19.100	1639300	19.100
18.990	19.330	18.680	19.100	1753400	19.100
19.060	19.385	18.975	19.190	1399700	19.190
19.130	19.155	18.800	19.100	2663400	19.100
19.035	19.250	18.845	18.890	4108600	18.890
19.000	19.040	18.400	18.540	1831300	18.540
18.540	18.725	18.100	18.260	1441300	18.260
18.160	18.205	17.685	17.685	1051000	17.685
17.665	18.300	17.640	18.200	995400	18.200
18.125	18.265	16.925	17.550	2098400	17.550
17.410	17.530	16.950	17.000	928200	17.000
17.000	17.145	16.590	16.605	1005800	16.605
16.515	17.600	16.440	17.505	2028400	17.505
16.910	17.000	16.250	16.445	3300500	16.445
16.475	16.675	15.450	15.785	3690400	15.785
15.850	15.850	14.860	15.010	5989300	15.010
14.870	14.870	13.460	13.495	3961100	13.495
13.560	13.845	13.410	13.550	3092200	13.550
13.590	14.860	13.590	14.400	3645500	14.400
14.405	14.405	13.150	13.500	2796700	13.500
13.160	14.230	13.050	14.175	2787800	14.175
14.185	14.380	13.770	13.850	2079800	13.850
13.965	14.050	13.200	13.325	1766600	13.325
13.405	13.930	13.260	13.620	1675500	13.620
13.650	13.900	13.410	13.540	2355200	13.540
13.505	14.310	13.420	14.245	1790000	14.245
14.330	14.365	13.350	13.485	3244000	13.485
13.500	13.595	12.790	13.100	2206400	13.100
13.325	14.115	13.175	14.030	1978200	14.030
13.930	14.030	13.335	13.795	1529900	13.795
13.645	13.725	13.125	13.295	1186400	13.295
13.400	13.500	12.760	12.975	1019600	12.975
12.795	13.060	12.560	12.735	1325600	12.735
12.735	13.790	12.630	13.605	1976400	13.605
13.405	14.225	13.360	14.075	2168400	14.075
14.300	14.430	13.725	14.220	1562200	14.220
14.435	14.490	14.050	14.200	1050700	14.200
14.120	14.120	13.575	13.670	945400	13.670
13.685	13.940	13.380	13.505	1060900	13.505
13.800	13.940	13.525	13.940	739600	13.940
14.125	14.250	13.655	13.815	538700	13.815
13.955	14.165	13.360	13.750	1303300	13.750
13.580	13.995	13.455	13.630	1047800	13.630
13.770	13.930	13.340	13.420	1398800	13.420
13.360	13.620	13.070	13.410	1969400	13.410
13.205	14.350	13.185	14.000	967000	14.000
14.280	14.300	13.865	14.000	2403600	14.000
14.200	15.000	14.055	14.630	1367900	14.630
15.000	15.090	14.495	14.540	1152900	14.540
14.355	14.700	14.135	14.515	617800	14.515
14.800	15.300	13.920	14.000	1844500	14.000
13.940	14.220	13.800	14.040	1429200	14.040
13.990	14.065	13.510	13.760	1202800	13.760
13.810	14.040	13.615	14.000	777900	14.000
14.110	14.490	14.080	14.440	1624900	14.440
14.870	14.900	13.515	14.120	1166200	14.120
14.010	14.500	14.010	14.395	1099100	14.395
14.500	14.980	14.410	14.980	1874100	14.980
14.890	15.440	14.650	15.020	4185500	15.020
14.850	16.535	14.850	16.105	1864800	16.105
16.110	17.060	15.480	15.555	1807000	15.555
15.445	15.900	15.100	15.205	1017400	15.205
15.490	15.490	14.910	15.460	1034000	15.460
15.535	16.000	15.270	15.855	669200	15.855
16.450	17.025	16.125	16.890	1616900	16.890
17.220	17.220	16.340	16.405	3835200	16.405
16.505	16.800	16.450	16.650	995900	16.650
16.605	16.690	16.310	16.590	516600	16.590
16.580	16.630	15.800	15.915	1209500	15.915
16.020	16.045	15.215	15.380	2243400	15.380
15.355	15.525	15.140	15.335	3044000	15.335
15.460	15.980	15.215	15.665	655600	15.665
15.660	15.970	15.455	15.620	521700	15.620
14.700	14.700	14.050	14.195	946300	14.195
14.290	14.290	13.670	14.010	1234800	14.010
13.990	14.190	13.480	13.600	923900	13.600
13.600	13.730	13.110	13.305	1537700	13.305
13.305	13.375	12.850	13.105	1275900	13.105
13.050	13.215	12.775	12.920	1395600	12.920
12.900	12.915	11.750	11.845	1959900	11.845
11.685	11.700	10.880	11.410	1150300	11.410
11.300	11.390	10.410	10.840	1500300	10.840
10.765	11.290	10.380	11.005	1384500	11.005
11.000	12.120	10.800	12.035	1178300	12.035
12.150	12.680	11.870	12.575	710400	12.575
12.930	13.120	12.755	13.040	693400	13.040
13.040	13.575	12.240	12.850	2016300	12.850
12.655	12.850	12.395	12.590	622700	12.590
12.690	12.800	11.900	12.175	473900	12.175
12.150	12.520	11.950	12.460	692900	12.460
12.490	13.075	12.460	13.000	326300	13.000
12.825	13.350	12.770	13.345	1144800	13.345
13.345	13.475	12.920	13.150	574500	13.150
13.200	13.320	13.080	13.235	418800	13.235
13.160	13.245	12.905	13.080	1592500	13.080
12.950	13.050	12.535	12.740	569700	12.740
12.800	13.095	12.790	13.050	347000	13.050
12.950	13.050	12.895	12.915	310400	12.915
12.975	15.200	12.975	15.200	1132700	15.200
15.000	15.820	14.680	15.750	1997400	15.750
15.700	16.220	15.490	16.005	655300	16.005
16.015	16.270	15.640	15.745	979800	15.745
15.675	15.675	14.655	14.940	348200	14.940
15.125	15.300	14.700	15.150	323200	15.150
15.175	16.000	15.065	15.745	310000	15.745
15.870	16.000	15.420	15.700	645800	15.700
15.830	15.940	15.020	15.315	369000	15.315
15.390	15.650	15.390	15.625	203300	15.625
15.545	15.790	15.210	15.650	360600	15.650
15.355	15.890	15.200	15.790	1140800	15.790
15.695	15.700	15.250	15.600	634000	15.600
15.700	15.800	15.270	15.585	574600	15.585
15.595	15.780	14.780	15.090	713000	15.090
15.100	15.500	14.800	15.500	637300	15.500
15.580	15.850	15.400	15.755	939900	15.755
15.840	16.250	15.510	16.215	472600	16.215
16.200	16.480	15.600	16.430	436900	16.430
16.500	17.245	16.210	16.525	615800	16.525
16.515	16.770	16.130	16.480	513800	16.480
16.915	17.680	16.900	17.560	1153500	17.560
17.500	18.080	17.100	17.520	1384100	17.520
17.345	17.500	16.850	17.490	543200	17.490
17.500	18.000	17.010	17.450	935700	17.450
17.350	17.850	17.185	17.420	373800	17.420
17.500	17.500	16.710	17.210	1104500	17.210
17.100	17.455	17.040	17.040	1955700	17.040
16.940	17.395	16.670	16.950	1001800	16.950
16.760	16.785	15.965	15.965	3787200	15.965
16.120	16.300	15.890	16.040	456300	16.040
16.045	16.520	15.730	16.030	936300	16.030
16.300	16.870	16.130	16.855	365000	16.855
16.800	17.230	16.705	17.130	315500	17.130
17.120	17.300	16.640	17.000	965000	17.000
17.030	17.285	16.780	16.900	605000	16.900
17.240	17.245	16.800	17.120	323500	17.120
16.950	17.195	16.950	17.150	268900	17.150
17.110	17.300	16.710	17.070	463800	17.070
16.980	17.180	16.535	17.000	441900	17.000
16.890	17.390	16.790	17.275	233600	17.275
17.275	17.450	16.875	16.980	297400	16.980
17.020	17.160	16.940	17.010	217300	17.010
17.250	17.250	17.060	17.100	654100	17.100
17.295	17.570	17.250	17.300	599900	17.300
17.290	17.435	17.160	17.300	338600	17.300
17.185	17.405	17.050	17.070	274300	17.070
17.060	17.275	16.965	17.000	226100	17.000
16.920	17.090	16.370	16.585	456600	16.585
16.575	16.780	16.320	16.515	424300	16.515
16.485	16.850	16.380	16.500	218400	16.500
16.420	16.570	16.125	16.440	360400	16.440
16.355	16.550	16.175	16.315	246800	16.315
16.355	16.550	16.245	16.490	122400	16.490
16.460	16.685	16.340	16.470	374900	16.470
16.400	16.540	16.270	16.425	200700	16.425
16.450	16.880	16.375	16.510	320300	16.510
16.460	16.795	16.410	16.480	457600	16.480
16.455	16.530	16.220	16.460	351700	16.460
16.605	16.700	16.050	16.240	483100	16.240
16.335	16.600	15.920	16.025	554700	16.025
15.990	16.185	15.650	15.980	358900	15.980
16.075	16.140	15.585	15.725	457800	15.725
15.725	16.100	15.380	16.075	3336200	16.075
16.100	16.230	15.500	15.545	1813600	15.545
15.465	15.800	15.460	15.670	288900	15.670
15.660	15.810	15.395	15.610	583900	15.610
15.675	16.000	15.650	15.750	963000	15.750
15.755	15.895	15.480	15.895	1044400	15.895
15.850	15.915	15.530	15.870	480500	15.870
15.875	15.990	15.800	15.895	218100	15.895
15.995	16.300	15.960	16.290	721800	16.290
16.215	16.640	16.170	16.580	743500	16.580
16.550	16.800	16.260	16.380	633500	16.380
16.400	16.400	16.080	16.235	360300	16.235
16.320	16.595	16.300	16.595	387900	16.595
16.685	16.800	16.435	16.435	687700	16.435
16.560	16.800	16.010	16.040	687200	16.040
16.055	16.260	15.960	16.040	358200	16.040
16.135	16.375	15.590	15.790	994800	15.790
15.855	16.090	15.840	16.050	518100	16.050
16.085	16.300	15.810	16.070	424100	16.070
16.000	16.320	15.890	16.260	381800	16.260
16.320	16.625	16.300	16.625	382500	16.625
16.700	17.190	16.530	17.145	461600	17.145
17.085	17.340	16.900	17.040	661400	17.040
16.970	17.125	16.900	17.035	1498400	17.035
17.095	17.400	17.000	17.375	224900	17.375
17.415	18.445	17.415	18.245	563400	18.245
18.280	19.250	18.280	19.220	1827800	19.220
19.150	19.450	18.885	19.360	598900	19.360
19.180	19.355	18.915	19.265	1205600	19.265
19.090	19.450	19.090	19.280	279100	19.280
18.950	19.390	18.950	19.280	502700	19.280
19.325	19.450	18.780	19.135	373800	19.135
18.590	19.100	18.590	19.040	422700	19.040
19.495	19.500	19.150	19.490	461200	19.490
19.335	19.630	19.150	19.560	277900	19.560
19.660	20.000	19.460	19.740	689200	19.740
19.660	19.945	19.620	19.765	472300	19.765
19.615	19.990	19.615	19.665	844300	19.665
19.720	19.900	19.510	19.600	622400	19.600
19.625	19.850	19.510	19.590	635600	19.590
19.565	19.835	19.510	19.560	556900	19.560
19.710	19.800	19.270	19.335	760000	19.335
19.240	19.630	19.070	19.275	542300	19.275
19.300	19.380	18.405	18.695	1129500	18.695
18.700	19.045	18.670	19.000	675600	19.000
19.060	19.100	18.500	18.750	1372200	18.750
18.865	19.100	18.500	18.830	779500	18.830
18.895	19.030	18.150	18.500	1260100	18.500
18.500	18.550	18.160	18.390	21306700	18.390
18.340	18.610	18.225	18.300	858100	18.300
18.235	18.410	17.915	18.225	873700	18.225
18.310	18.550	18.225	18.420	1367900	18.420
18.475	18.720	18.110	18.585	818000	18.585
18.610	18.830	18.310	18.395	4305500	18.395
18.340	18.400	17.670	17.670	1155600	17.670
17.400	17.490	17.030	17.300	2747900	17.300
17.260	17.340	16.950	17.000	3417000	17.000
16.950	17.120	16.695	16.995	1749800	16.995
17.000	17.100	16.680	16.760	1025000	16.760
16.750	17.310	16.735	17.150	1235800	17.150
17.110	17.280	17.085	17.140	865700	17.140
17.200	17.390	17.065	17.130	790100	17.130
17.165	17.380	17.050	17.300	1456600	17.300
17.400	18.045	17.350	17.675	1391200	17.675
17.570	17.840	17.310	17.670	711300	17.670
17.725	17.990	17.515	17.615	1129700	17.615
17.610	17.690	17.350	17.480	617100	17.480
17.480	17.725	17.400	17.670	737500	17.670
17.725	18.500	17.695	18.500	1751800	18.500
18.450	18.650	18.010	18.320	947700	18.320
18.320	18.570	17.980	18.220	918600	18.220
18.315	19.120	18.240	18.975	1206200	18.975
18.250	18.650	18.070	18.220	2493700	18.220
18.250	18.560	18.050	18.560	806100	18.560
18.560	18.820	18.150	18.200	1325000	18.200
18.400	18.415	18.010	18.150	6488300	18.150
18.050	18.140	17.800	17.980	1204600	17.980
18.040	18.365	18.040	18.365	698600	18.365
18.405	18.740	18.320	18.535	1160600	18.535
18.635	18.730	18.490	18.560	707900	18.560
18.655	18.800	18.565	18.675	971100	18.675
18.670	18.900	18.600	18.605	706300	18.605
18.615	18.870	18.245	18.520	810500	18.520
18.545	18.840	18.480	18.820	725100	18.820
18.920	19.120	18.570	19.060	907500	19.060
19.000	19.060	18.630	18.700	2220700	18.700
18.465	18.690	18.150	18.625	592600	18.625
18.600	18.665	18.160	18.330	822800	18.330
18.645	18.840	18.395	18.720	913200	18.720
18.750	18.890	18.415	18.595	709300	18.595
18.565	18.620	18.350	18.550	724000	18.550
18.710	18.850	18.280	18.400	2281200	18.400
18.415	18.500	18.050	18.160	1397000	18.160
18.175	18.280	17.670	18.030	1748900	18.030
18.045	18.345	17.700	18.205	2133500	18.205
18.290	18.435	17.920	18.390	2603900	18.390
18.300	18.380	17.255	17.495	1406100	17.495
17.550	17.700	17.285	17.355	2161500	17.355
17.380	17.470	16.975	17.285	998200	17.285
17.250	17.420	17.055	17.100	3231100	17.100
17.140	17.450	17.125	17.450	937500	17.450
17.695	18.120	17.505	18.035	743200	18.035
18.040	18.195	17.895	18.120	493800	18.120
18.100	18.485	18.030	18.140	531200	18.140
18.240	18.280	17.750	17.910	764900	17.910
17.925	18.150	17.770	17.820	2657200	17.820
17.855	18.100	17.375	17.470	1291300	17.470
17.585	17.900	17.495	17.690	351800	17.690
17.820	18.080	17.730	17.985	724900	17.985
18.125	18.440	18.085	18.390	795500	18.390
18.400	19.040	18.400	18.995	777200	18.995
18.965	19.270	18.840	19.030	3163700	19.030
19.035	19.440	18.995	19.180	891700	19.180
19.150	19.320	19.050	19.135	665300	19.135
19.185	19.475	19.185	19.475	1566900	19.475
19.500	19.610	19.360	19.525	1582000	19.525
19.615	19.850	19.290	19.490	381900	19.490
19.590	19.850	19.490	19.760	622400	19.760
19.795	20.000	19.795	19.875	367400	19.875
20.000	21.805	20.000	21.555	1875600	21.555
21.630	21.900	21.345	21.850	904900	21.850
21.800	22.000	21.570	21.785	306700	21.785
21.840	22.515	21.795	22.515	984700	22.515
22.435	22.490	22.000	22.300	755200	22.300
22.475	22.550	22.150	22.460	509700	22.460
22.620	22.690	22.340	22.500	820800	22.500
22.550	22.565	21.930	21.960	1205400	21.960
21.960	22.300	21.900	22.070	776100	22.070
22.100	22.375	21.985	22.150	354600	22.150
22.090	22.305	21.800	21.950	587300	21.950
21.900	22.105	21.610	21.805	636800	21.805
21.200	21.480	21.050	21.400	694700	21.400
21.500	21.815	20.995	21.195	740600	21.195
21.195	22.020	21.195	21.950	406300	21.950
21.860	22.120	21.860	21.900	3746900	21.900
21.800	22.000	21.635	21.920	320900	21.920
21.815	22.030	21.765	21.960	629100	21.960
21.960	22.045	21.435	21.650	1110400	21.650
21.455	21.920	21.320	21.755	482700	21.755
21.890	22.000	21.720	21.780	466200	21.780
21.595	21.840	21.420	21.635	676500	21.635
21.685	22.020	21.680	21.700	795500	21.700
21.720	21.895	20.920	21.090	1558400	21.090
21.060	21.400	20.890	20.980	2270200	20.980
21.015	21.130	20.365	20.610	870600	20.610
20.570	21.065	20.500	20.915	802900	20.915
20.640	21.020	20.410	20.900	468600	20.900
21.100	21.445	20.900	21.190	624300	21.190
21.330	21.650	21.290	21.390	433800	21.390
21.420	21.690	21.295	21.630	312500	21.630
21.715	21.715	21.290	21.370	523200	21.370
21.060	21.180	20.310	20.420	1566000	20.420
20.500	20.600	20.130	20.130	1558900	20.130
20.090	20.500	19.585	19.785	678100	19.785
19.930	20.180	19.810	19.840	803800	19.840
19.950	20.170	19.665	20.005	940800	20.005
20.015	20.400	19.805	20.355	1348800	20.355
20.450	20.785	20.150	20.350	436200	20.350
20.570	21.100	20.370	21.100	564000	21.100
21.010	21.285	20.780	20.815	573200	20.815
20.675	20.755	20.170	20.680	548100	20.680
19.750	19.750	19.300	19.490	1003300	19.490
19.490	19.640	19.060	19.150	1243700	19.150
19.310	19.650	19.190	19.565	2378400	19.565
19.590	19.840	19.575	19.780	713600	19.780
19.765	19.965	19.405	19.940	998800	19.940
20.165	20.230	19.755	20.045	627900	20.045
19.970	20.150	19.535	19.735	843900	19.735
19.735	19.950	19.460	19.735	1648600	19.735
19.735	19.830	19.400	19.695	816000	19.695
19.760	20.015	19.555	19.890	385600	19.890
19.890	20.520	19.775	20.495	1261100	20.495
20.405	20.595	20.130	20.495	1372300	20.495
20.600	20.840	20.455	20.615	1075700	20.615
20.715	21.245	20.715	21.020	652600	21.020
21.025	21.550	21.000	21.440	1238300	21.440
21.475	21.740	21.345	21.505	1084500	21.505
21.540	21.865	21.520	21.745	1233600	21.745
21.890	22.055	21.790	21.840	1117700	21.840
21.840	21.920	21.555	21.740	1076100	21.740
21.690	21.810	21.580	21.600	1067900	21.600
21.765	21.885	21.690	21.825	1565100	21.825
21.880	21.965	21.790	21.890	401500	21.890
21.930	22.010	21.910	21.995	1229800	21.995
21.915	22.080	21.850	22.000	1003800	22.000
21.935	22.100	21.560	22.020	1259800	22.020
22.115	22.570	22.050	22.400	732400	22.400
22.400	22.480	22.250	22.345	787000	22.345
22.400	22.560	22.300	22.510	546300	22.510
22.600	22.865	22.460	22.800	466500	22.800
22.900	22.925	22.300	22.675	1232500	22.675
22.685	22.870	22.370	22.760	532600	22.760
22.830	22.915	22.500	22.895	686400	22.895
22.895	22.895	22.520	22.660	551800	22.660
22.620	22.620	22.000	22.190	985300	22.190
22.410	22.490	22.110	22.175	689700	22.175
22.220	22.655	22.145	22.555	899800	22.555
22.690	22.755	22.355	22.735	650300	22.735
22.695	22.780	22.315	22.540	664000	22.540
22.450	22.540	21.795	21.830	1028900	21.830
21.700	21.845	21.390	21.755	506000	21.755
21.920	21.960	21.380	21.650	736300	21.650
21.700	22.315	21.180	21.305	974400	21.305
21.530	21.770	21.440	21.480	346300	21.480
21.500	21.855	21.450	21.715	794000	21.715
21.615	21.700	21.310	21.655	601400	21.655
21.670	22.190	21.655	21.885	2242900	21.885
21.910	22.560	21.885	22.500	1598500	22.500
22.440	22.450	21.830	22.300	1124100	22.300
22.455	22.720	22.380	22.630	949900	22.630
22.650	22.995	22.255	22.995	628900	22.995
23.000	23.320	22.800	23.315	719100	23.315
23.200	23.305	23.010	23.120	533500	23.120
23.250	23.430	23.065	23.100	637000	23.100
23.110	23.470	22.750	23.350	953900	23.350
23.400	23.440	23.155	23.430	1071300	23.430
23.690	23.750	23.450	23.545	711600	23.545
23.470	23.635	23.205	23.595	922100	23.595
23.500	23.630	23.100	23.200	1197200	23.200
23.205	23.650	23.205	23.510	707100	23.510
23.600	23.900	23.540	23.770	889300	23.770
23.780	23.930	23.450	23.570	676000	23.570
23.685	23.815	23.440	23.515	687400	23.515
23.400	23.650	23.270	23.500	809100	23.500
23.700	24.590	23.450	24.590	1993500	24.590
24.480	24.750	23.200	23.705	5079000	23.705
23.750	24.100	23.600	23.910	1305900	23.910
23.945	24.190	23.770	24.090	1211800	24.090
24.005	24.100	23.730	23.905	737100	23.905
23.900	24.100	23.700	23.910	1124400	23.910
23.935	24.040	23.745	24.000	1021300	24.000
24.000	24.550	23.950	24.500	1381100	24.500
24.615	24.845	24.375	24.680	937800	24.680
24.500	24.600	24.265	24.390	1226000	24.390
24.465	24.660	24.325	24.550	2244000	24.550
24.465	24.935	24.260	24.780	655400	24.780
25.060	25.180	24.565	24.750	1686700	24.750
24.900	25.135	24.810	24.850	1285900	24.850
24.850	25.030	24.420	24.805	1349700	24.805
24.860	24.915	24.550	24.675	991300	24.675
24.590	24.670	24.005	24.360	1232800	24.360
24.390	24.685	24.300	24.460	900500	24.460
24.300	24.370	23.800	24.000	1323200	24.000
24.145	24.400	23.820	23.945	698300	23.945
23.900	24.290	23.800	24.190	1061300	24.190
24.200	24.430	23.860	23.975	1159500	23.975
23.955	24.315	23.875	24.175	1019400	24.175
24.185	24.260	23.955	24.105	449600	24.105
24.245	24.505	24.100	24.360	872400	24.360
24.445	24.495	24.065	24.255	929800	24.255
24.370	24.545	24.150	24.240	645600	24.240
24.205	24.545	23.860	24.020	1458500	24.020
23.870	24.080	23.595	24.040	1070900	24.040
24.055	24.375	23.810	24.245	751300	24.245
24.305	24.450	24.030	24.110	952200	24.110
24.095	24.235	23.720	23.825	1305500	23.825
24.020	24.280	23.750	23.880	1179000	23.880
23.750	24.000	23.520	23.620	1127500	23.620
23.600	24.090	23.450	23.855	773900	23.855
23.800	23.870	23.300	23.315	999200	23.315
23.310	23.310	22.825	22.950	1225200	22.950
22.860	22.960	22.580	22.930	1128300	22.930
23.055	23.100	22.710	22.930	821300	22.930
23.045	23.200	22.810	22.950	699200	22.950
22.880	23.115	22.800	23.040	956600	23.040
23.095	23.455	23.020	23.435	1181000	23.435
23.480	23.845	23.440	23.760	524800	23.760
23.745	23.990	23.665	23.780	1063300	23.780
23.825	23.860	23.450	23.515	787400	23.515
23.510	23.640	23.155	23.220	985800	23.220
23.200	23.300	22.860	22.960	1086600	22.960
22.850	23.040	22.560	22.625	1706900	22.625
22.605	22.675	21.735	22.030	1841700	22.030
22.030	22.560	21.935	22.500	1462800	22.500
22.510	22.760	22.300	22.460	917700	22.460
22.470	22.625	22.265	22.300	471400	22.300
22.290	22.330	21.920	22.030	826900	22.030
21.980	22.410	21.915	22.320	882500	22.320
22.285	23.130	22.200	23.085	1047700	23.085
22.985	23.105	22.655	22.990	5060600	22.990
23.175	23.175	22.875	23.050	859500	23.050
23.290	23.835	23.240	23.835	824100	23.835
23.900	24.180	23.655	23.840	1775300	23.840
23.900	24.305	23.900	24.300	593100	24.300
24.470	24.790	24.440	24.650	431600	24.650
24.650	25.000	24.650	24.950	805500	24.950
25.025	25.195	24.910	24.975	641600	24.975
25.050	25.150	24.955	25.020	212100	25.020
25.150	25.260	24.800	25.015	792300	25.015
25.020	25.175	24.875	24.985	472700	24.985
24.950	25.245	24.560	25.140	537300	25.140
25.260	25.925	25.030	25.925	1232600	25.925
25.930	26.065	25.620	25.940	2878900	25.940
26.000	26.650	25.840	26.345	1310600	26.345
26.470	26.730	26.305	26.550	759500	26.550
26.600	26.950	26.460	26.855	786800	26.855
26.720	27.165	26.570	27.070	967400	27.070
27.200	27.750	27.140	27.750	1175900	27.750
27.795	27.920	27.360	27.780	1073200	27.780
27.875	28.240	27.450	28.030	1234600	28.030
28.020	28.165	27.600	27.700	1072300	27.700
27.740	27.865	27.100	27.255	2909500	27.255
27.400	27.590	27.235	27.500	1930400	27.500
27.510	27.625	27.325	27.480	919200	27.480
27.555	27.610	26.360	26.400	1181600	26.400
26.500	26.815	25.920	26.215	2790000	26.215
26.365	26.800	26.220	26.745	913900	26.745
26.995	27.165	26.125	26.650	1010500	26.650
26.270	26.480	25.985	26.380	986500	26.380
26.365	26.500	25.750	26.080	973000	26.080
26.060	26.330	25.455	25.520	2204200	25.520
25.370	25.975	25.110	25.735	797600	25.735
25.640	25.875	25.400	25.555	1139700	25.555
25.655	26.440	25.595	26.340	1547600	26.340
26.525	27.050	26.325	26.920	1325800	26.920
27.050	27.070	26.510	26.580	1148400	26.580
26.685	26.780	26.465	26.700	1265200	26.700
26.730	26.750	26.595	26.625	1613100	26.625
26.585	26.815	26.465	26.700	1095000	26.700
26.700	26.780	26.465	26.615	1366000	26.615
26.600	26.795	26.375	26.380	786400	26.380
26.380	26.500	26.160	26.380	918000	26.380
26.365	26.595	26.270	26.450	962000	26.450
26.120	26.445	25.920	26.445	1205200	26.445
26.590	26.650	26.460	26.545	1255900	26.545
26.470	26.715	26.450	26.695	1666600	26.695
26.610	26.875	26.505	26.800	1435200	26.800
26.940	27.090	26.730	26.760	3470900	26.760
26.700	26.780	26.400	26.600	1134700	26.600
26.360	26.640	25.560	26.045	2825200	26.045
25.565	25.675	24.885	24.970	2105300	24.970
25.245	25.635	25.045	25.635	1125100	25.635
25.520	26.000	25.380	25.965	1477400	25.965
26.115	26.690	26.080	26.300	2008800	26.300
26.395	26.655	26.255	26.450	1492400	26.450
26.460	26.860	26.320	26.535	2743600	26.535
26.610	26.710	26.445	26.545	1124400	26.545
26.450	26.670	26.130	26.450	2101600	26.450
26.575	26.700	26.305	26.510	1325600	26.510
26.260	26.260	25.475	25.690	1891700	25.690
25.665	26.360	25.620	26.290	1402900	26.290
26.265	27.310	26.085	27.225	1815900	27.225
27.190	27.200	26.890	26.995	788700	26.995
26.810	27.075	26.575	27.020	1189900	27.020
27.055	27.350	26.930	27.015	889200	27.015
27.100	27.210	26.285	26.375	1399800	26.375
26.610	26.950	26.535	26.860	1144600	26.860
27.085	27.320	26.930	27.220	840500	27.220
27.210	27.585	27.095	27.585	832200	27.585
27.650	28.640	27.600	28.540	2708000	28.540
28.815	28.980	28.510	28.515	1369400	28.515
28.770	28.950	28.475	28.615	5405300	28.615
28.700	28.710	28.385	28.385	1680800	28.385
28.475	28.845	28.405	28.745	2641100	28.745
28.820	29.365	28.745	29.240	2461800	29.240
29.040	29.350	28.880	29.110	1322500	29.110
29.160	29.180	28.160	28.525	1620600	28.525
28.700	29.230	28.605	29.125	1276100	29.125
29.290	29.300	28.820	29.065	1483900	29.065
28.910	28.940	28.475	28.780	1222600	28.780
28.545	28.690	28.165	28.500	1724400	28.500
28.970	29.935	28.875	29.515	2064200	29.515
29.850	29.965	29.420	29.665	994700	29.665
29.705	29.940	29.670	29.930	1196700	29.930
30.000	30.300	29.825	30.140	1359800	30.140
30.125	30.125	29.630	29.975	1154000	29.975
30.100	30.325	29.620	30.040	2334100	30.040
29.840	30.110	29.810	29.955	637300	29.955
29.950	30.205	29.855	30.040	469000	30.040
30.105	30.950	30.025	30.890	1197700	30.890
30.860	31.150	30.565	30.875	1063700	30.875
30.795	31.030	30.760	30.910	992500	30.910
30.850	31.150	30.570	31.095	519700	31.095
31.115	31.390	30.900	31.240	1030200	31.240
31.220	31.220	30.720	30.935	1622400	30.935
31.000	31.440	30.950	31.195	1035400	31.195
31.185	31.420	31.055	31.300	1097500	31.300
31.410	31.895	31.300	31.750	1425700	31.750
31.810	31.900	31.335	31.650	1610900	31.650
31.700	31.770	31.175	31.500	991800	31.500
31.435	31.615	30.420	30.640	1538700	30.640
30.580	30.770	29.985	30.460	1770700	30.460
30.460	31.025	30.100	30.550	1441000	30.550
30.635	30.980	30.550	30.740	686300	30.740
30.605	30.850	30.415	30.765	1149500	30.765
30.885	31.180	30.780	30.980	592900	30.980
31.105	31.420	30.890	31.190	549100	31.190
31.295	31.535	31.250	31.520	700900	31.520
31.450	31.675	31.360	31.675	641300	31.675
31.575	32.005	31.555	32.005	1012600	32.005
32.000	32.160	31.500	32.025	714900	32.025
32.000	32.825	31.950	32.595	1452900	32.595
32.770	33.440	32.760	32.965	1031000	32.965
33.000	33.000	32.405	32.655	869900	32.655
32.470	32.765	32.300	32.675	838700	32.675
32.760	33.295	32.615	32.895	1414500	32.895
33.000	33.485	32.915	33.410	1233100	33.410
33.500	33.935	33.340	33.870	635600	33.870
33.750	33.995	33.650	33.970	889900	33.970
33.865	34.060	33.610	33.825	800000	33.825
33.925	34.100	33.635	34.010	875500	34.010
34.025	34.425	33.670	34.325	1071500	34.325
34.135	34.310	33.765	33.845	1186800	33.845
33.990	34.030	33.590	33.865	878400	33.865
33.900	33.925	33.765	33.850	1251800	33.850
34.045	34.290	33.945	34.210	1079300	34.210
34.200	34.345	34.070	34.215	2074700	34.215
34.220	34.495	34.135	34.385	851000	34.385
34.325	34.435	34.000	34.170	856000	34.170
33.950	33.995	32.925	33.235	13180300	33.235
33.395	33.810	33.285	33.720	2147100	33.720
33.810	33.960	33.400	33.565	647100	33.565
33.600	33.665	33.180	33.400	1472500	33.400
33.410	33.695	33.230	33.520	1773500	33.520
33.625	33.685	33.270	33.310	865400	33.310
32.705	32.710	31.815	32.475	1522600	32.475
32.475	32.545	32.210	32.405	1534900	32.405
32.260	32.325	31.900	32.030	1401200	32.030
32.050	32.430	31.410	31.540	2034200	31.540
31.500	31.700	31.350	31.555	1499400	31.555
31.490	31.555	30.615	30.990	1654800	30.990
31.005	31.335	30.845	30.990	1037200	30.990
31.170	31.320	31.010	31.105	948000	31.105
31.080	31.140	30.700	30.955	628700	30.955
31.000	31.730	30.945	31.665	798200	31.665
31.680	32.010	31.495	31.560	811700	31.560
31.375	31.455	31.100	31.415	1018800	31.415
31.425	31.580	31.220	31.490	609600	31.490
31.620	32.170	31.530	32.170	1262200	32.170
32.125	32.535	32.065	32.340	620800	32.340
32.360	33.160	32.235	33.055	940700	33.055
32.995	33.130	32.900	33.020	890000	33.020
33.195	33.445	33.050	33.150	1441500	33.150
33.345	33.715	33.270	33.500	736000	33.500
33.540	33.730	33.195	33.395	1068300	33.395
33.460	33.540	32.640	32.735	2125200	32.735
32.725	32.780	31.565	31.730	1298100	31.730
31.810	32.000	31.510	31.870	899300	31.870
32.020	32.255	31.740	31.945	955300	31.945
31.765	31.765	30.660	30.700	1939600	30.700
30.670	30.780	29.740	29.760	1913400	29.760
29.395	29.650	28.920	29.575	2415400	29.575
29.955	30.295	29.790	30.025	743400	30.025
30.030	30.440	29.825	30.315	750200	30.315
30.465	30.520	30.000	30.205	1111700	30.205
30.165	30.540	30.065	30.300	641500	30.300
30.395	30.620	29.935	30.015	721300	30.015
30.465	30.575	30.050	30.165	3430900	30.165
30.335	30.565	30.205	30.400	840400	30.400
30.430	30.835	30.250	30.835	985300	30.835
30.890	32.055	30.795	31.935	846800	31.935
32.005	32.020	31.460	31.630	893700	31.630
32.110	32.160	31.665	32.065	578500	32.065
31.980	32.550	31.955	32.500	800300	32.500
32.500	33.050	32.500	32.790	1049800	32.790
32.755	32.840	32.080	32.345	712900	32.345
32.130	32.130	31.510	32.055	863700	32.055
32.115	32.595	31.900	32.050	1125500	32.050
32.050	32.125	31.840	31.960	898900	31.960
32.000	32.480	31.915	32.405	828500	32.405
32.200	33.250	32.160	33.100	1356300	33.100
33.050	33.180	32.900	32.970	861000	32.970
33.015	33.130	32.660	32.730	798100	32.730
32.640	32.720	31.980	32.080	1380300	32.080
31.920	31.995	31.530	31.725	881300	31.725
31.905	31.940	31.435	31.620	733300	31.620
31.760	31.760	31.345	31.540	864700	31.540
31.440	31.515	30.845	30.920	1007800	30.920
30.825	30.895	30.435	30.650	789700	30.650
30.770	31.550	30.770	31.470	1003500	31.470
31.655	31.945	31.510	31.600	766100	31.600
31.925	32.535	31.770	31.925	1369200	31.925
31.800	32.020	31.675	31.875	564100	31.875
31.730	31.775	31.105	31.360	2339200	31.360
31.300	31.365	30.670	31.095	839200	31.095
31.060	31.345	30.120	30.310	1808300	30.310
30.285	30.635	30.015	30.470	530100	30.470
30.430	30.615	30.040	30.210	768200	30.210
30.270	30.580	30.130	30.420	709000	30.420
30.375	30.830	29.950	30.060	1079000	30.060
30.050	30.525	29.595	29.595	1246200	29.595
29.870	30.095	29.685	30.070	875800	30.070
30.325	30.800	30.200	30.595	1300300	30.595
30.450	30.480	29.680	29.755	1165100	29.755
29.555	29.900	29.300	29.750	1432100	29.750
30.290	30.305	29.190	29.285	1525300	29.285
29.010	29.085	28.205	28.350	1563900	28.350
28.025	28.720	27.805	28.395	1253900	28.395
28.170	28.690	27.920	28.400	1479800	28.400
28.350	28.460	27.160	27.365	1767400	27.365
27.465	27.700	25.700	26.655	2133700	26.655
26.760	27.700	26.715	27.690	1076300	27.690
27.600	27.690	27.175	27.385	883300	27.385
27.305	28.230	27.180	28.230	887900	28.230
28.290	28.890	28.135	28.870	1818200	28.870
28.820	29.020	28.400	28.965	1284000	28.965
28.850	29.195	28.710	29.175	926200	29.175
29.355	29.455	28.545	28.705	831300	28.705
28.900	29.470	28.850	29.365	721900	29.365
29.570	29.665	28.865	28.995	969900	28.995
29.095	29.260	28.155	29.025	745000	29.025
29.600	29.715	29.115	29.550	695700	29.550
29.605	29.870	29.345	29.570	751500	29.570
29.545	30.000	28.760	28.950	1340300	28.950
29.150	29.615	29.000	29.325	940800	29.325
29.270	30.000	29.035	29.520	1031300	29.520
29.605	29.755	28.725	28.945	1266700	28.945
28.800	29.730	28.600	29.720	708700	29.720
29.805	29.970	29.560	29.705	554500	29.705
29.565	29.660	28.740	28.885	1042900	28.885
29.000	29.225	28.180	28.595	1414800	28.595
28.605	28.680	26.375	26.635	3562100	26.635
26.310	26.960	26.100	26.850	2762900	26.850
26.710	27.420	26.710	27.215	5609700	27.215
27.255	27.565	27.130	27.460	1576600	27.460
27.450	27.615	26.915	27.270	1450400	27.270
27.330	28.980	27.270	28.855	1133100	28.855
29.000	29.200	28.410	28.455	1046700	28.455
28.465	28.855	28.415	28.580	1428800	28.580
28.700	28.700	28.180	28.335	676500	28.335
28.300	28.595	28.255	28.500	552000	28.500
28.500	28.690	28.255	28.415	827700	28.415
28.230	28.360	28.005	28.050	950200	28.050
28.100	28.240	27.770	27.895	973300	27.895
28.050	28.750	27.800	28.500	874700	28.500
28.620	28.635	27.230	27.650	1788800	27.650
27.940	28.650	27.705	28.560	947400	28.560
28.500	28.830	28.160	28.200	833000	28.200
27.730	27.905	27.060	27.130	1582800	27.130
27.670	27.805	27.210	27.330	1488200	27.330
27.300	27.445	27.070	27.305	893700	27.305
27.055	27.155	26.770	26.840	1579900	26.840
26.900	27.375	26.440	26.490	896500	26.490
26.555	27.100	26.120	27.100	1840800	27.100
26.855	27.555	26.750	27.325	2671700	27.325
27.870	28.740	27.850	28.740	2151000	28.740
29.005	29.200	28.315	28.500	1911900	28.500
28.590	29.285	28.590	29.155	1256300	29.155
29.250	29.470	29.175	29.465	749000	29.465
29.500	29.640	29.340	29.540	125400	29.540
29.450	29.600	28.745	29.215	724500	29.215
29.035	29.080	28.730	28.910	935800	28.910
29.000	29.080	28.765	28.970	8454000	28.970
