11.921	12.116	11.921	12.116	47692100	12.116
12.127	12.312	12.127	12.250	57040900	12.250
12.291	12.353	12.194	12.338	24277700	12.338
12.230	12.333	12.163	12.281	39050300	12.281
12.353	12.369	12.188	12.322	43846600	12.322
12.364	12.503	12.343	12.343	40792400	12.343
12.410	12.425	12.111	12.111	43859100	12.111
12.065	12.132	11.926	12.018	44130800	12.018
12.106	12.142	11.915	12.085	38336000	12.085
12.127	12.230	11.848	11.848	66690200	11.848
11.941	11.941	11.787	11.895	23716900	11.895
11.848	12.158	11.751	12.121	69099100	12.121
12.049	12.158	11.622	11.714	57190800	11.714
11.776	11.792	11.096	11.220	100335700	11.220
11.179	11.189	10.828	11.179	108230600	11.179
11.055	11.230	11.024	11.024	56425600	11.024
10.875	11.096	10.751	11.091	59728800	11.091
10.870	10.911	10.473	10.530	94390500	10.530
10.700	10.880	10.334	10.334	76280700	10.334
10.509	10.756	10.375	10.612	62630300	10.612
10.447	10.746	10.411	10.689	55887700	10.689
10.767	11.004	10.674	10.942	58167200	10.942
11.014	11.055	10.473	10.519	81703200	10.519
10.540	10.648	9.500	9.530	140109200	9.530
9.273	9.778	8.958	9.515	191991900	9.515
9.658	9.757	9.273	9.699	89792800	9.699
9.695	10.020	9.541	9.917	75577200	9.917
10.213	10.375	10.098	10.284	87549800	10.284
10.416	10.416	9.819	10.000	72545200	10.000
10.000	10.174	9.747	9.842	67595800	9.842
9.842	10.076	9.819	9.940	88993900	9.940
9.940	10.123	9.839	10.061	130367900	10.061
10.169	10.265	10.100	10.210	85752300	10.210
10.210	10.313	10.081	10.293	115065700	10.293
10.293	10.401	10.016	10.396	68546500	10.396
10.396	10.478	10.148	10.191	57404000	10.191
10.191	10.271	9.689	9.772	62113000	9.772
9.702	9.756	9.356	9.633	75421800	9.633
9.633	9.730	9.428	9.519	67611100	9.519
9.685	9.839	9.529	9.838	59033700	9.838
9.838	10.074	9.695	9.951	39069400	9.951
9.951	10.024	9.758	9.994	46113400	9.994
9.994	10.262	9.819	10.237	58265200	10.237
10.237	10.458	10.132	10.349	82306400	10.349
10.349	10.736	10.334	10.710	63257800	10.710
10.710	10.813	10.710	10.746	44591000	10.746
10.746	10.782	10.514	10.643	49682800	10.643
10.643	10.798	10.586	10.798	44318300	10.798
10.725	10.767	10.566	10.643	38691600	10.643
10.643	10.813	10.633	10.679	33930700	10.679
10.648	10.664	10.488	10.519	46135500	10.519
10.519	10.643	10.416	10.617	41829300	10.617
10.658	10.741	10.576	10.705	60691800	10.705
10.622	10.674	10.447	10.519	54734000	10.519
10.519	10.617	10.318	10.334	134913500	10.334
10.313	10.324	9.942	10.158	83751900	10.158
10.201	10.391	10.179	10.344	43703800	10.344
10.344	10.411	9.920	10.087	86774700	10.087
10.087	10.365	9.974	10.365	80951000	10.365
10.365	10.447	10.244	10.365	45031500	10.365
10.365	10.504	10.277	10.385	66971000	10.385
10.458	10.488	10.207	10.263	35307100	10.263
10.263	10.313	9.976	10.138	40275300	10.138
10.138	10.396	10.123	10.396	28920900	10.396
10.365	10.365	10.355	10.355	2513100	10.355
10.365	10.365	10.355	10.355	2513100	10.355
10.396	10.550	10.234	10.473	63590500	10.473
10.473	10.581	10.375	10.509	42781700	10.509
10.442	10.463	10.217	10.370	45498200	10.370
10.468	10.823	10.391	10.792	64493900	10.792
10.942	11.117	10.921	11.014	80466400	11.014
11.014	11.143	10.962	11.019	120092700	11.019
11.019	11.148	10.988	11.065	41537300	11.065
11.065	11.138	10.875	11.117	94564900	11.117
11.117	11.204	10.689	10.808	146563200	10.808
10.808	10.839	10.602	10.720	156193400	10.720
10.720	10.901	10.612	10.849	185752100	10.849
10.849	10.895	10.494	10.540	146123700	10.540
10.540	10.576	10.129	10.211	217446700	10.211
10.211	10.519	10.097	10.262	214671800	10.262
10.262	10.535	10.159	10.344	256267000	10.344
10.237	10.260	9.747	9.785	163822100	9.785
9.785	9.889	9.231	9.376	266882900	9.376
9.479	9.900	9.386	9.748	270558400	9.748
9.748	10.137	9.686	9.839	186467700	9.839
9.495	9.597	9.356	9.547	155946700	9.547
9.415	9.521	8.804	8.871	330083900	8.871
8.871	8.953	8.383	8.649	297824600	8.649
8.649	8.979	8.080	8.253	468603100	8.253
8.253	8.551	7.774	7.944	288162100	7.944
9.479	9.788	9.170	9.788	341764300	9.788
9.495	9.685	9.051	9.462	154844900	9.462
9.462	9.819	9.149	9.499	88867000	9.499
9.499	9.787	9.242	9.418	104876900	9.418
9.249	9.273	8.387	8.572	145181300	8.572
8.572	8.800	8.326	8.492	92894200	8.492
8.823	9.031	8.673	9.012	97465800	9.012
8.742	8.917	8.526	8.778	105398100	8.778
8.778	9.046	8.325	8.685	94501200	8.685
8.685	8.936	8.346	8.866	152340700	8.866
8.866	9.031	8.593	8.764	73502700	8.764
8.345	8.475	8.151	8.420	112846300	8.420
8.420	8.682	8.367	8.367	111629700	8.367
8.367	8.629	8.098	8.462	143122600	8.462
8.608	8.723	8.542	8.655	109070700	8.655
8.533	8.624	8.510	8.577	31053400	8.577
8.469	8.546	8.201	8.451	69056000	8.451
8.345	8.387	8.150	8.294	122753200	8.294
8.294	8.520	8.224	8.256	111694100	8.256
8.256	8.270	7.738	7.779	153800600	7.779
7.779	7.934	7.530	7.688	108110700	7.688
7.688	7.799	7.434	7.578	104782300	7.578
7.578	7.873	7.480	7.870	80441800	7.870
7.870	8.373	7.655	8.277	88569700	8.277
9.014	9.014	8.817	8.871	156560000	8.871
8.871	9.047	8.776	8.957	82471000	8.957
8.957	9.257	8.716	9.195	110847800	9.195
9.195	9.407	8.990	9.159	87954000	9.159
9.159	9.448	9.078	9.305	121449800	9.305
9.407	9.783	9.396	9.633	184621100	9.633
9.633	9.895	9.633	9.705	121002000	9.705
9.530	9.669	9.409	9.644	56274600	9.644
9.452	9.623	9.355	9.455	51161300	9.455
9.455	9.529	9.068	9.099	52603800	9.099
9.099	9.318	9.027	9.141	62239800	9.141
9.141	9.336	9.077	9.336	45941100	9.336
9.107	9.191	8.702	8.702	65737500	8.702
8.770	9.231	8.625	9.005	82283800	9.005
9.005	9.231	8.608	8.961	82116700	8.961
9.273	9.273	9.086	9.086	49445000	9.086
9.034	8.898	8.947	9.095	38560300	9.095
8.947	9.556	8.947	9.489	66047900	9.489
9.489	10.148	9.221	10.103	121148900	10.103
10.103	10.303	9.970	10.251	164751000	10.251
10.251	10.396	10.164	10.271	81682700	10.271
10.271	10.308	10.107	10.186	112665100	10.186
10.231	10.437	10.128	10.437	53464600	10.437
10.437	10.499	10.251	10.421	122604600	10.421
10.421	10.458	10.066	10.166	83708300	10.166
10.166	10.318	9.839	9.962	70094200	9.962
9.962	10.200	9.718	9.887	225461700	9.887
10.030	10.136	9.736	10.097	302864700	10.097
10.097	10.194	9.876	9.963	392612500	9.963
9.963	10.339	9.850	10.283	338757000	10.283
10.283	10.427	10.164	10.421	98490200	10.421
10.421	10.555	10.344	10.530	301763900	10.530
10.530	10.818	10.530	10.736	165421500	10.736
10.736	10.844	10.669	10.746	209558600	10.746
10.746	10.746	10.509	10.571	163723000	10.571
10.571	10.571	10.202	10.271	172850300	10.271
10.132	10.658	10.132	10.658	303156200	10.658
10.658	10.746	10.488	10.694	101933300	10.694
10.694	10.767	10.488	10.658	128493700	10.658
10.658	10.798	10.602	10.689	126503500	10.689
10.689	10.787	10.313	10.411	161685500	10.411
10.411	10.628	10.411	10.581	56271500	10.581
10.581	10.581	10.406	10.473	87434100	10.473
10.473	10.473	9.973	10.013	125714600	10.013
10.013	10.087	9.860	9.981	126311300	9.981
9.981	10.075	9.723	9.788	83845500	9.788
9.788	9.854	9.594	9.731	96607300	9.731
9.731	9.835	9.648	9.815	105675500	9.815
9.815	9.838	9.655	9.824	44124300	9.824
9.824	10.039	9.614	9.633	149966900	9.633
9.633	9.711	9.357	9.466	56389300	9.466
9.466	9.816	9.466	9.689	31683600	9.689
9.689	9.689	9.340	9.461	38572100	9.461
9.461	9.543	9.108	9.245	47158500	9.245
9.245	9.499	9.245	9.408	59264600	9.408
9.408	9.545	9.288	9.490	39074900	9.490
9.490	9.613	9.443	9.482	18928600	9.482
9.482	9.540	9.245	9.527	70729100	9.527
9.527	10.000	9.460	9.983	95918600	9.983
9.983	10.072	9.843	9.953	70057200	9.953
9.953	10.247	9.907	10.109	46159000	10.109
10.109	10.198	10.081	10.104	19815200	10.104
10.104	10.104	9.866	9.935	49184500	9.935
9.935	10.120	9.819	10.092	68029500	10.092
10.092	10.355	9.994	10.226	70855800	10.226
10.226	10.278	10.097	10.220	59009900	10.220
10.220	10.365	10.220	10.277	52935700	10.277
10.277	10.370	10.188	10.339	45110600	10.339
10.339	10.385	10.139	10.239	85985700	10.239
10.239	10.282	10.169	10.169	50278500	10.169
10.169	10.303	9.945	9.963	83521000	9.963
9.963	10.124	9.845	10.104	88963100	10.104
10.104	10.250	9.994	10.036	55375300	10.036
10.036	10.076	9.653	9.750	76312200	9.750
9.750	9.839	9.458	9.562	68012300	9.562
9.562	9.839	9.427	9.829	87542400	9.829
9.839	9.892	9.649	9.656	42946800	9.656
9.656	9.727	9.389	9.613	75615000	9.613
9.685	9.755	9.450	9.534	51298300	9.534
9.534	9.808	9.417	9.599	81500800	9.599
9.599	9.703	9.298	9.376	117490400	9.376
9.376	9.510	9.226	9.387	61450100	9.387
9.376	9.764	9.304	9.752	57936900	9.752
9.752	9.993	9.741	9.777	341172300	9.777
9.777	9.922	9.643	9.800	352623100	9.800
9.800	9.800	9.582	9.691	304360100	9.691
9.691	9.757	9.595	9.654	130463300	9.654
9.654	9.654	9.460	9.577	43614600	9.577
9.577	9.944	9.520	9.876	65959800	9.876
9.876	10.017	9.788	9.814	61008700	9.814
9.689	9.804	9.665	9.767	91921100	9.767
9.767	9.845	9.625	9.830	76597600	9.830
9.839	10.112	9.834	9.910	120499500	9.910
9.910	9.941	9.756	9.904	52711800	9.904
9.904	9.994	9.809	9.860	96860800	9.860
9.860	9.954	9.778	9.922	75367800	9.922
9.922	9.998	9.677	9.737	51430800	9.737
9.685	9.710	9.530	9.613	93409500	9.613
9.613	9.694	9.458	9.458	62877800	9.458
9.458	9.458	9.257	9.424	86072300	9.424
9.424	9.623	9.307	9.511	66159300	9.511
9.511	9.611	9.167	9.223	59646800	9.223
9.223	9.280	9.067	9.280	88240400	9.280
9.280	9.332	8.881	8.953	71578700	8.953
8.953	9.207	8.932	8.992	78760400	8.992
8.992	9.128	8.670	8.758	96783700	8.758
8.758	8.799	8.634	8.747	58280200	8.747
8.747	8.987	8.711	8.912	57802100	8.912
8.912	8.912	8.531	8.650	69685100	8.650
8.650	8.724	8.427	8.613	75484700	8.613
8.613	8.873	8.263	8.784	94087300	8.784
8.784	8.979	8.636	8.939	62777200	8.939
8.832	8.936	8.660	8.660	60724700	8.660
8.660	8.871	8.604	8.836	52414300	8.836
8.922	9.105	8.902	8.950	60528100	8.950
8.950	8.953	8.603	8.788	85962900	8.788
8.788	8.974	8.376	8.434	86359900	8.434
8.376	8.379	8.035	8.035	114614800	8.035
8.035	8.145	7.830	8.057	95088100	8.057
8.057	8.180	7.851	8.057	55718900	8.057
8.057	8.057	7.658	7.760	108489600	7.760
7.760	7.969	7.531	7.553	116890200	7.553
7.553	7.717	7.325	7.521	121262800	7.521
7.692	8.134	7.676	8.060	131301800	8.060
8.207	8.515	7.923	8.474	151324200	8.474
8.541	8.642	8.408	8.593	82221800	8.593
8.551	8.594	8.345	8.401	49382900	8.401
8.351	8.470	8.242	8.345	74511500	8.345
8.222	8.618	8.181	8.544	48205200	8.544
8.644	8.751	8.524	8.751	72407800	8.751
8.771	8.778	8.482	8.551	58324300	8.551
8.553	8.655	8.469	8.569	48889200	8.569
8.556	8.624	8.397	8.622	66730200	8.622
8.471	8.509	8.296	8.394	92976100	8.394
8.385	8.492	8.243	8.387	96651500	8.387
8.448	8.448	8.121	8.217	160256900	8.217
8.190	8.357	8.075	8.294	139066400	8.294
8.392	8.582	8.320	8.532	53415100	8.532
8.531	8.571	8.390	8.415	41950600	8.415
8.490	8.500	8.345	8.375	22435600	8.375
8.330	8.366	8.057	8.129	37941300	8.129
8.150	8.211	8.078	8.160	34893900	8.160
8.192	8.283	8.134	8.244	26390500	8.244
8.232	8.270	8.146	8.168	72098800	8.168
8.239	8.335	8.173	8.210	68656400	8.210
8.191	8.339	8.088	8.229	57272000	8.229
8.248	8.260	7.861	8.175	89821900	8.175
8.134	8.191	7.965	8.005	102086700	8.005
7.927	7.977	7.727	7.830	92524000	7.830
7.712	7.763	7.620	7.620	112463100	7.620
7.686	7.768	7.588	7.749	100714800	7.749
7.801	8.526	7.784	8.490	141676400	8.490
8.531	8.982	8.522	8.897	171775000	8.897
8.830	8.943	8.679	8.881	132550100	8.881
8.695	8.738	8.555	8.653	70394000	8.653
8.685	9.056	8.675	9.001	98347600	9.001
8.988	9.043	8.845	8.943	90911700	8.943
8.861	9.108	8.820	9.005	82573900	9.005
9.005	9.509	8.984	9.345	139875000	9.345
9.473	9.530	9.108	9.314	92753400	9.314
9.283	9.304	8.945	9.022	110812800	9.022
9.068	9.169	8.918	8.938	66735900	8.938
8.861	9.360	8.787	9.252	130215800	9.252
9.175	9.457	9.098	9.145	92168100	9.145
9.137	9.427	8.955	9.221	80412200	9.221
9.304	9.426	9.154	9.410	65747400	9.410
9.453	9.499	9.283	9.421	66314700	9.421
9.448	9.489	9.123	9.262	88921900	9.262
9.262	9.293	9.037	9.189	55529000	9.189
9.075	9.329	9.048	9.223	74191500	9.223
9.227	9.288	9.131	9.286	64444800	9.286
9.262	9.396	9.221	9.251	48768700	9.251
9.201	9.220	8.881	9.014	105493000	9.014
8.964	9.180	8.876	9.108	45459800	9.108
9.180	9.211	8.955	9.025	53922700	9.025
8.979	9.221	8.916	9.159	48626900	9.159
9.159	9.577	9.159	9.503	100519900	9.503
9.505	9.670	9.412	9.599	61253100	9.599
9.633	9.670	9.314	9.543	131489600	9.543
9.509	9.519	9.228	9.228	82429100	9.228
9.128	9.270	8.985	9.129	59644700	9.129
9.116	9.221	9.052	9.087	66116300	9.087
9.019	9.109	8.922	9.008	54858100	9.008
9.118	9.278	9.077	9.209	43297900	9.209
9.214	9.314	9.077	9.206	54570200	9.206
9.275	9.309	8.987	9.046	87863400	9.046
8.912	9.014	8.819	8.902	56156800	8.902
8.995	9.086	8.675	8.754	68250400	8.754
8.825	8.839	8.562	8.593	64027100	8.593
8.562	8.639	8.347	8.490	84381300	8.490
8.531	8.582	8.366	8.564	77493500	8.564
8.626	8.630	8.453	8.530	53882400	8.530
8.402	8.433	8.294	8.413	69091400	8.413
8.335	8.468	8.298	8.339	71250100	8.339
8.376	8.788	8.366	8.532	116709000	8.532
8.345	8.628	8.242	8.551	126209300	8.551
8.634	8.683	8.229	8.274	90922400	8.274
8.387	8.606	8.244	8.543	79257700	8.543
8.582	8.665	8.428	8.546	122008100	8.546
8.655	8.793	8.583	8.793	138601300	8.793
8.840	9.045	8.683	8.758	83904000	8.758
8.675	8.785	8.583	8.745	69867100	8.745
8.630	8.871	8.587	8.865	54582400	8.865
8.871	8.891	8.768	8.782	42444300	8.782
8.773	8.851	8.686	8.812	36715100	8.812
8.805	8.834	8.626	8.701	53174000	8.701
8.796	8.819	8.612	8.647	57771300	8.647
8.681	8.706	8.440	8.440	87903500	8.440
8.566	8.665	8.459	8.665	95617700	8.665
8.624	8.725	8.566	8.604	99362400	8.604
8.551	8.581	8.358	8.481	72775700	8.481
8.420	8.730	8.371	8.671	77537000	8.671
8.712	8.937	8.668	8.819	109119500	8.819
8.902	8.953	8.861	8.923	87381600	8.923
8.916	8.979	8.833	8.881	60702900	8.881
8.748	8.944	8.739	8.787	65741100	8.787
8.818	8.861	8.747	8.758	58950600	8.758
8.706	8.716	8.483	8.557	108559300	8.557
8.548	8.557	8.399	8.514	261255100	8.514
8.516	8.516	8.198	8.293	234024300	8.293
8.311	8.449	8.254	8.343	251112500	8.343
8.442	8.510	8.371	8.429	394001200	8.429
8.525	8.613	8.395	8.490	365970400	8.490
8.540	8.644	8.462	8.600	285971300	8.600
8.604	8.804	8.537	8.732	58442600	8.732
8.840	8.907	8.781	8.862	125854300	8.862
8.881	8.904	8.800	8.883	61818000	8.883
8.758	8.793	8.607	8.626	250546200	8.626
8.613	8.640	8.533	8.640	173953800	8.640
8.602	8.685	8.502	8.533	186007400	8.533
8.546	8.551	8.377	8.448	166701100	8.448
8.449	8.598	8.402	8.532	190259000	8.532
8.436	8.448	8.268	8.294	215050100	8.294
8.294	8.469	8.229	8.425	141601200	8.425
8.466	8.506	8.368	8.428	169166400	8.428
8.365	8.420	8.287	8.420	57849700	8.420
8.423	8.479	8.242	8.257	70001900	8.257
8.211	8.342	8.155	8.309	59034200	8.309
8.334	8.385	8.237	8.247	114365100	8.247
8.335	8.356	8.227	8.315	94337800	8.315
8.330	8.396	8.255	8.302	79251800	8.302
8.355	8.415	8.113	8.145	110382400	8.145
8.044	8.078	7.948	8.007	69995300	8.007
8.026	8.136	8.011	8.055	52377300	8.055
7.985	8.228	7.968	8.190	100010300	8.190
8.242	8.371	8.099	8.140	82026300	8.140
8.261	8.325	8.129	8.231	47789000	8.231
8.222	8.269	8.186	8.186	25603400	8.186
8.273	8.536	8.258	8.514	77765500	8.514
8.541	8.564	8.284	8.339	63616500	8.339
8.253	8.412	8.232	8.269	60382500	8.269
8.294	8.359	8.125	8.330	54855000	8.330
8.322	8.322	8.141	8.189	53400400	8.189
8.205	8.242	8.151	8.211	35099000	8.211
8.169	8.196	8.057	8.099	39254200	8.099
8.088	8.170	8.036	8.109	38353200	8.109
8.079	8.129	7.913	7.930	50672800	7.930
7.959	7.984	7.892	7.902	34544300	7.902
7.933	8.135	7.933	8.097	75078200	8.097
8.047	8.047	7.841	7.851	62874400	7.851
7.830	7.858	7.728	7.853	74110400	7.853
7.784	8.242	7.737	8.191	215077500	8.191
8.036	8.137	7.938	8.103	98298000	8.103
8.150	8.310	8.150	8.268	80111900	8.268
8.273	8.310	8.184	8.242	53014300	8.242
8.173	8.180	7.803	7.848	88369400	7.848
7.998	8.026	7.676	7.737	102143700	7.737
7.737	7.858	7.655	7.778	55343400	7.778
7.860	7.975	7.772	7.863	70465700	7.863
7.933	8.175	7.923	8.031	84384200	8.031
8.096	8.206	8.056	8.204	84381300	8.204
8.193	8.474	8.172	8.421	74355600	8.421
8.447	8.447	8.296	8.375	45240400	8.375
8.358	8.400	8.245	8.263	41309500	8.263
8.205	8.222	7.995	8.088	92715300	8.088
8.160	8.366	7.965	8.102	61747000	8.102
8.139	8.160	7.727	7.793	94490600	7.793
7.739	7.757	7.429	7.547	110293300	7.547
7.404	7.748	7.193	7.563	116679100	7.563
7.490	7.704	7.423	7.549	93868300	7.549
7.470	7.653	7.418	7.568	61908400	7.568
7.490	7.649	7.451	7.475	127050400	7.475
7.449	7.547	7.331	7.338	96852300	7.338
7.359	7.601	7.356	7.456	133852200	7.456
7.571	7.879	7.511	7.830	447227900	7.830
7.858	8.242	7.717	8.176	323092500	8.176
8.273	8.407	8.021	8.083	514770300	8.083
7.954	7.975	7.746	7.823	523853800	7.823
7.835	7.907	7.696	7.812	334153800	7.812
7.727	7.757	7.479	7.563	103647300	7.563
7.428	7.624	7.395	7.592	127139400	7.592
7.418	7.598	7.377	7.547	93823100	7.547
7.542	7.614	7.152	7.152	331960100	7.152
7.109	7.263	6.950	6.950	259531100	6.950
6.903	7.184	6.790	6.866	115159200	6.866
7.039	7.057	6.562	6.562	133246800	6.562
6.388	6.920	6.347	6.639	364245200	6.639
6.926	7.171	6.542	6.563	440568300	6.563
6.679	6.877	6.305	6.541	237192900	6.541
6.754	6.758	5.914	5.996	189681300	5.996
6.262	6.316	5.708	6.188	254096500	6.188
6.364	6.594	6.017	6.594	197874700	6.594
6.666	6.702	6.501	6.662	43949600	6.662
6.645	6.714	6.498	6.711	43964000	6.711
6.652	6.846	6.561	6.747	46598900	6.747
6.624	6.674	6.233	6.472	66096500	6.472
6.439	6.439	6.161	6.274	136048500	6.274
6.192	6.394	6.187	6.324	63042500	6.324
6.418	6.510	6.230	6.324	79684400	6.324
6.388	6.438	6.244	6.327	40038500	6.327
6.429	6.475	6.208	6.285	44397700	6.285
6.318	6.334	6.062	6.192	50422600	6.192
6.311	6.383	6.213	6.340	23403000	6.340
6.450	6.450	6.276	6.337	46677300	6.337
6.379	6.615	6.285	6.615	52371600	6.615
6.615	6.687	6.460	6.637	42975700	6.637
6.498	6.519	6.232	6.316	53988600	6.316
6.182	6.190	5.898	5.941	58344000	5.941
5.884	6.035	5.759	5.821	63876500	5.821
5.988	6.016	5.824	5.936	66953900	5.936
5.946	6.159	5.910	6.029	77381700	6.029
6.016	6.043	5.690	5.690	54199100	5.690
5.667	5.672	5.409	5.423	99627100	5.423
5.531	5.658	5.308	5.658	91251500	5.658
5.573	5.851	5.524	5.802	102894800	5.802
5.873	6.223	5.782	6.099	116145900	6.099
6.205	6.223	5.983	6.099	148607300	6.099
5.914	6.038	5.859	5.962	97540500	5.962
5.908	6.096	5.883	6.089	49691500	6.089
6.083	6.130	5.871	5.935	46517400	5.935
5.708	5.798	5.575	5.638	85396500	5.638
5.770	5.962	5.492	5.899	73431500	5.899
5.770	6.233	5.752	6.095	70802300	6.095
6.254	6.396	6.209	6.363	82064300	6.363
6.264	6.458	6.202	6.269	75045400	6.269
6.199	6.450	6.199	6.373	83719500	6.373
6.323	6.413	6.255	6.413	55104800	6.413
6.213	6.285	6.102	6.188	49198000	6.188
6.099	6.160	5.894	6.093	95948000	6.093
6.255	6.286	6.101	6.266	59356200	6.266
6.364	6.470	6.297	6.455	86343300	6.455
6.455	6.594	6.411	6.526	163145700	6.526
6.544	6.594	6.436	6.542	214853900	6.542
6.553	6.553	6.398	6.482	113753400	6.482
6.382	6.609	6.340	6.609	110838500	6.609
6.604	6.644	6.363	6.489	123052400	6.489
6.501	6.514	6.357	6.419	62387200	6.419
6.400	6.436	6.245	6.248	207297600	6.248
6.182	6.263	6.131	6.253	84092100	6.253
6.316	6.366	6.276	6.336	56740600	6.336
6.244	6.299	5.936	6.032	103575300	6.032
6.079	6.275	6.050	6.209	114031800	6.209
6.270	6.335	6.207	6.305	98634000	6.305
6.285	6.325	6.196	6.249	98384800	6.249
6.263	6.294	6.102	6.167	55602900	6.167
6.439	6.697	6.343	6.632	140741600	6.632
6.687	6.738	6.544	6.620	92910200	6.620
6.554	6.578	6.357	6.364	47429800	6.364
6.221	6.244	5.964	6.061	76702000	6.061
6.135	6.148	5.925	5.980	62795600	5.980
5.893	6.141	5.786	6.052	86855800	6.052
6.171	6.171	5.852	6.000	60144600	6.000
5.915	6.044	5.790	5.854	58126000	5.854
5.844	6.027	5.842	5.883	39175600	5.883
5.986	5.986	5.667	5.742	112427400	5.742
5.677	5.861	5.667	5.744	59182300	5.744
5.759	6.017	5.751	5.983	44169300	5.983
6.063	6.063	5.762	5.821	56555300	5.821
5.763	5.770	5.675	5.675	70787000	5.675
5.680	5.826	5.675	5.776	53738400	5.776
5.770	5.796	5.670	5.693	61229600	5.693
5.674	5.806	5.674	5.741	101044100	5.741
5.759	5.767	5.543	5.543	57580700	5.543
5.614	5.646	5.388	5.395	76908800	5.395
5.370	5.471	5.285	5.285	62065200	5.285
5.373	5.455	5.267	5.307	69104200	5.307
5.343	5.394	5.229	5.379	55715600	5.379
5.480	5.677	5.450	5.663	86445700	5.663
5.615	5.736	5.535	5.654	81500900	5.654
5.517	5.879	5.517	5.769	101638100	5.769
5.779	5.790	5.723	5.724	55805500	5.724
5.801	6.007	5.790	5.959	72073600	5.959
6.017	6.150	6.007	6.110	60598500	6.110
6.079	6.182	6.019	6.154	42252400	6.154
6.230	6.294	5.935	6.134	81022400	6.134
6.171	6.244	5.986	6.012	81491200	6.012
5.936	6.190	5.893	6.152	60506400	6.152
6.109	6.124	5.892	5.892	46608500	5.892
5.912	5.950	5.759	5.806	72914100	5.806
5.750	5.850	5.668	5.668	93027700	5.668
5.743	5.837	5.679	5.754	103586200	5.754
5.821	5.826	5.669	5.770	167276400	5.770
5.700	5.887	5.692	5.770	161309100	5.770
5.790	5.976	5.757	5.976	51319100	5.976
6.058	6.120	5.783	5.890	74952200	5.890
5.906	5.985	5.888	5.955	42906300	5.955
6.017	6.053	5.993	6.012	24629900	6.012
5.955	6.038	5.941	5.988	18475200	5.988
5.976	6.031	5.842	5.852	32350400	5.852
5.918	5.977	5.790	5.977	22837600	5.977
6.048	6.048	5.965	6.048	23470700	6.048
6.027	6.181	5.996	6.147	25507500	6.147
6.159	6.215	6.009	6.204	132429000	6.204
5.956	6.068	5.893	5.965	113651400	5.965
5.965	5.965	5.673	5.697	157405100	5.697
5.753	5.763	5.550	5.615	86395500	5.615
5.645	5.754	5.569	5.610	83404800	5.610
5.694	5.914	5.689	5.914	118938400	5.914
5.903	5.922	5.822	5.894	66351600	5.894
5.904	6.073	5.844	5.853	95311800	5.853
5.935	6.030	5.857	5.924	69438500	5.924
5.770	5.862	5.752	5.832	72413800	5.832
5.904	5.954	5.799	5.893	75244000	5.893
5.904	5.929	5.761	5.780	79095900	5.780
5.832	6.071	5.810	6.071	168094300	6.071
6.056	6.098	5.972	6.091	101920500	6.091
6.085	6.246	6.028	6.161	147566800	6.161
6.089	6.198	6.077	6.161	81563300	6.161
6.182	6.238	6.061	6.201	137203700	6.201
6.202	6.388	6.202	6.345	120510600	6.345
6.285	6.386	6.245	6.336	151667700	6.336
6.266	6.304	6.120	6.165	79511100	6.165
6.226	6.298	6.099	6.130	101246300	6.130
6.197	6.388	6.170	6.350	103690200	6.350
6.321	6.514	6.321	6.496	87373100	6.496
6.501	6.640	6.455	6.621	93765000	6.621
6.584	6.697	6.523	6.697	55399800	6.697
6.690	6.748	6.552	6.742	64623700	6.742
6.754	6.837	6.714	6.720	78068000	6.720
6.697	6.849	6.696	6.795	66069100	6.795
6.728	6.746	6.575	6.660	56320600	6.660
6.729	6.786	6.676	6.676	39192400	6.676
6.616	6.713	6.586	6.617	55701500	6.617
6.694	6.746	6.600	6.645	47949700	6.645
6.543	6.547	6.320	6.475	90578200	6.475
6.576	6.666	6.560	6.607	80167600	6.607
6.687	6.778	6.669	6.764	55442800	6.764
6.778	6.831	6.646	6.744	81321400	6.744
6.769	6.774	6.547	6.565	76050800	6.565
6.561	6.624	6.423	6.480	47333100	6.480
6.522	6.553	6.389	6.473	46804000	6.473
6.411	6.474	6.349	6.460	43259500	6.460
6.481	6.569	6.382	6.459	59241200	6.459
6.490	6.567	6.360	6.416	70308400	6.416
6.388	6.538	6.339	6.527	51565900	6.527
6.542	6.591	6.502	6.553	40650700	6.553
6.491	6.530	6.399	6.419	43365000	6.419
6.399	6.399	6.131	6.131	80195500	6.131
6.133	6.204	6.033	6.181	98590200	6.181
6.264	6.367	6.187	6.362	86297800	6.362
6.367	6.407	6.252	6.306	58623800	6.306
6.330	6.334	6.139	6.158	81207600	6.158
6.223	6.364	6.202	6.355	60443600	6.355
6.439	6.509	6.351	6.395	97501000	6.395
6.421	6.455	6.336	6.433	95400900	6.433
6.458	6.528	6.367	6.528	172065700	6.528
6.522	6.676	6.490	6.661	180657900	6.661
6.612	6.656	6.533	6.581	46129800	6.581
6.610	6.653	6.348	6.421	115040700	6.421
6.366	6.378	6.217	6.279	77179500	6.279
6.297	6.314	6.120	6.219	79500600	6.219
6.233	6.243	6.027	6.158	64035300	6.158
6.220	6.302	6.054	6.078	63637600	6.078
6.068	6.157	5.926	5.960	68184400	5.960
5.948	6.027	5.826	5.850	91033300	5.850
5.910	5.955	5.807	5.945	302503400	5.945
5.974	5.976	5.761	5.954	480420200	5.954
5.946	5.986	5.719	5.719	251182700	5.719
5.718	5.749	5.544	5.574	381707200	5.574
5.585	5.630	5.464	5.574	283358100	5.574
5.533	5.533	5.338	5.358	101524700	5.358
5.388	5.522	5.347	5.464	94990100	5.464
5.528	5.528	5.286	5.388	196606400	5.388
5.270	5.285	5.007	5.007	156395500	5.007
5.023	5.106	4.894	4.975	113172200	4.975
4.947	5.173	4.945	5.162	109898900	5.162
5.172	5.172	4.945	4.954	165660400	4.954
5.026	5.035	4.753	4.777	152671600	4.777
4.832	4.931	4.712	4.894	239712800	4.894
4.867	4.877	4.729	4.819	131090600	4.819
4.793	4.955	4.770	4.955	98601900	4.955
4.987	5.181	4.957	5.065	127186800	5.065
5.131	5.136	4.798	4.894	141027700	4.894
4.729	5.027	4.667	4.987	113708600	4.987
5.031	5.076	4.861	4.863	59565000	4.863
4.959	4.965	4.627	4.702	121009000	4.702
4.739	4.854	4.678	4.719	117629100	4.719
4.708	4.913	4.658	4.822	79573400	4.822
4.710	5.064	4.698	5.048	79614200	5.048
5.012	5.150	4.959	5.009	70057600	5.009
5.007	5.038	4.711	4.783	171887800	4.783
4.894	5.093	4.804	5.069	90981300	5.069
4.986	5.069	4.791	5.019	101550200	5.019
4.908	4.944	4.791	4.866	69389600	4.866
4.894	4.938	4.693	4.742	81222700	4.742
4.670	4.831	4.616	4.657	142200800	4.657
4.698	4.728	4.454	4.580	73295400	4.580
4.533	4.787	4.503	4.716	135594600	4.716
4.700	4.726	4.570	4.651	79516000	4.651
4.708	4.785	4.622	4.759	82230900	4.759
4.693	4.749	4.595	4.616	68682200	4.616
4.678	4.738	4.533	4.681	67525600	4.681
4.689	4.760	4.624	4.692	73720900	4.692
4.739	4.750	4.513	4.541	58818000	4.541
4.571	4.585	4.379	4.430	73579200	4.430
4.368	4.580	4.297	4.379	86322100	4.379
4.379	4.425	4.328	4.425	133240000	4.425
4.451	4.523	4.391	4.451	98020500	4.451
4.400	4.688	4.391	4.667	57888200	4.667
4.723	4.792	4.655	4.722	51803300	4.722
4.777	4.884	4.715	4.846	88312400	4.846
4.901	5.023	4.873	4.926	94503100	4.926
4.848	5.037	4.794	4.995	76023500	4.995
5.481	5.481	4.956	4.981	113747500	4.981
4.945	5.048	4.884	4.962	97449000	4.962
4.963	5.073	4.909	5.026	125892600	5.026
4.993	5.133	4.981	5.119	98773900	5.119
5.167	5.236	4.969	5.070	236925500	5.070
5.255	5.255	4.822	4.838	193216200	4.838
4.838	4.992	4.727	4.975	99650400	4.975
4.997	5.119	4.947	5.111	102883300	5.111
5.066	5.266	5.029	5.113	106085200	5.113
5.063	5.265	5.037	5.168	96045600	5.168
5.133	5.162	4.918	4.925	70522700	4.925
4.904	5.037	4.843	4.853	78168500	4.853
4.880	4.996	4.819	4.996	130714300	4.996
5.001	5.043	4.916	5.033	54597700	5.033
5.282	5.379	5.160	5.379	149557100	5.379
5.358	5.461	5.323	5.409	374735800	5.409
5.409	5.481	5.409	5.481	299949100	5.481
5.463	5.505	5.409	5.466	147110400	5.466
5.466	5.500	5.186	5.250	434318000	5.250
5.200	5.203	5.026	5.047	420330100	5.047
5.031	5.099	4.843	4.962	189063600	4.962
5.007	5.048	4.909	4.938	63579500	4.938
4.885	5.037	4.863	5.024	115128200	5.024
4.966	5.027	4.894	4.925	138766400	4.925
4.842	4.842	4.739	4.805	353379500	4.805
4.783	4.799	4.637	4.646	372290300	4.646
4.673	4.738	4.636	4.652	156888900	4.652
4.688	4.729	4.584	4.653	122087100	4.653
4.678	4.698	4.623	4.658	108410700	4.658
4.663	4.694	4.309	4.317	258757800	4.317
4.252	4.410	4.096	4.358	121316600	4.358
4.416	4.429	4.160	4.160	58140000	4.160
4.157	4.283	4.138	4.198	46962700	4.198
4.204	4.647	4.204	4.647	97940400	4.647
4.717	4.925	4.515	4.925	90796600	4.925
4.925	5.152	4.861	5.125	104008800	5.125
5.152	5.224	5.023	5.100	97166200	5.100
5.042	5.141	4.986	5.112	47953100	5.112
5.127	5.255	4.691	4.770	104685600	4.770
4.754	5.141	4.640	5.141	93790400	5.141
5.097	5.358	5.072	5.347	60366400	5.347
5.304	5.512	5.285	5.512	81981300	5.512
5.512	5.543	5.381	5.505	91841300	5.505
5.517	5.593	5.362	5.470	62878700	5.470
5.452	5.490	5.337	5.450	30563000	5.450
5.407	5.542	5.389	5.494	24939200	5.494
5.530	5.582	5.498	5.553	35215600	5.553
5.548	5.595	5.513	5.561	40610100	5.561
5.574	5.790	5.537	5.780	60405500	5.780
5.832	5.902	5.794	5.892	62369000	5.892
5.858	5.965	5.698	5.811	62727000	5.811
5.749	5.892	5.749	5.883	70320600	5.883
5.824	5.882	5.710	5.719	55784200	5.719
5.769	5.806	5.569	5.761	46387400	5.761
5.715	5.739	5.609	5.724	34886100	5.724
5.674	5.805	5.597	5.785	30427900	5.785
5.770	5.795	5.656	5.739	29877400	5.739
5.759	5.759	5.634	5.651	68378900	5.651
5.635	5.645	5.502	5.510	37344300	5.510
5.482	5.842	5.450	5.842	100208700	5.842
5.732	5.851	5.731	5.851	30470200	5.851
5.835	5.922	5.821	5.873	41899600	5.873
5.852	5.940	5.823	5.891	46406200	5.891
5.935	6.171	5.833	6.162	97903100	6.162
6.216	6.357	6.213	6.267	106010500	6.267
6.208	6.289	6.193	6.253	50571200	6.253
6.182	6.362	6.095	6.362	52143600	6.362
6.388	6.522	6.378	6.444	78893100	6.444
6.412	6.419	6.213	6.325	52737600	6.325
6.491	6.517	6.389	6.481	98940900	6.481
6.388	6.449	6.347	6.429	88269600	6.429
6.366	6.387	6.251	6.285	84918500	6.285
6.305	6.367	6.238	6.295	74368300	6.295
6.245	6.281	6.123	6.219	84866900	6.219
6.219	6.439	6.197	6.439	141159200	6.439
6.347	6.385	6.295	6.357	84790500	6.357
6.306	6.439	6.303	6.392	69701000	6.392
6.293	6.313	6.055	6.104	67487300	6.104
6.130	6.192	6.051	6.100	50203200	6.100
6.165	6.191	5.949	5.971	161647100	5.971
6.013	6.102	5.984	6.054	54179600	6.054
6.006	6.169	5.986	6.122	65197000	6.122
6.099	6.129	6.002	6.048	99746700	6.048
6.082	6.135	6.002	6.045	94019000	6.045
6.086	6.252	6.060	6.244	545138700	6.244
6.182	6.242	6.141	6.166	599747600	6.166
6.169	6.181	6.004	6.014	260424100	6.014
5.976	6.022	5.898	5.908	217569000	5.908
5.855	6.079	5.791	6.022	147754200	6.022
6.009	6.085	5.914	5.914	32005500	5.914
5.914	6.046	5.909	5.985	64662800	5.985
6.028	6.252	6.017	6.244	94926700	6.244
6.182	6.315	6.136	6.315	461710600	6.315
6.295	6.325	6.174	6.214	396528800	6.214
6.141	6.182	5.991	6.027	409735200	6.027
6.037	6.046	5.914	5.965	233533300	5.965
5.976	5.986	5.849	5.907	172426600	5.907
5.918	5.969	5.806	5.954	156716100	5.954
5.945	6.007	5.899	5.919	87499000	5.919
5.853	5.922	5.779	5.893	128610600	5.893
5.852	5.881	5.782	5.816	73917100	5.816
5.835	5.955	5.825	5.944	26496500	5.944
5.927	6.063	5.911	5.964	44652400	5.964
5.928	6.053	5.904	5.989	39882200	5.989
6.007	6.107	5.958	6.031	33092300	6.031
5.954	5.970	5.882	5.883	59153700	5.883
5.888	5.938	5.868	5.896	45791900	5.896
5.938	5.981	5.673	5.687	67614600	5.687
5.727	5.767	5.648	5.690	69535100	5.690
5.689	5.715	5.535	5.667	54867000	5.667
5.667	5.667	5.551	5.598	28342900	5.598
5.553	5.822	5.522	5.799	56234700	5.799
5.728	5.888	5.725	5.759	78217500	5.759
5.708	5.845	5.693	5.787	35871600	5.787
5.767	5.802	5.648	5.648	55830800	5.648
5.709	5.852	5.664	5.827	49360100	5.827
5.788	5.868	5.771	5.842	23937400	5.842
5.806	5.914	5.778	5.883	28034900	5.883
5.913	5.955	5.889	5.947	28956300	5.947
5.956	5.986	5.886	5.986	26220800	5.986
5.957	5.974	5.921	5.952	15506700	5.952
5.996	6.027	5.924	5.948	38435200	5.948
5.945	5.969	5.842	5.931	27546900	5.931
5.996	6.078	5.986	6.073	44451500	6.073
6.079	6.141	6.043	6.093	66210700	6.093
6.112	6.182	6.061	6.077	47369300	6.077
6.058	6.161	6.057	6.107	51191900	6.107
6.151	6.168	6.019	6.056	63820400	6.056
6.089	6.155	6.039	6.079	46285900	6.079
6.089	6.123	6.006	6.025	43001700	6.025
5.960	5.976	5.809	5.920	60644200	5.920
5.920	6.000	5.907	5.978	60301400	5.978
5.972	6.048	5.965	6.038	152937300	6.038
6.079	6.110	6.021	6.079	45463700	6.079
6.079	6.092	6.048	6.079	31160300	6.079
6.043	6.068	5.976	6.007	112777400	6.007
6.039	6.141	6.039	6.139	123168100	6.139
6.161	6.264	6.152	6.192	128304500	6.192
6.161	6.229	6.136	6.218	131572700	6.218
6.182	6.295	6.163	6.295	162443600	6.295
6.234	6.293	6.234	6.275	120832100	6.275
6.233	6.325	6.233	6.282	65704900	6.282
6.285	6.300	6.122	6.190	38675300	6.190
6.182	6.285	6.131	6.285	17203200	6.285
6.388	6.521	6.326	6.521	79177000	6.521
6.459	6.522	6.446	6.498	29545900	6.498
6.501	6.562	6.478	6.522	79137400	6.522
6.552	6.604	6.502	6.514	94130700	6.514
6.496	6.580	6.456	6.532	192315000	6.532
6.562	6.630	6.545	6.595	97916700	6.595
6.615	6.711	6.578	6.678	103659500	6.678
6.697	6.829	6.658	6.791	56423600	6.791
6.863	6.880	6.769	6.821	65447000	6.821
6.616	6.671	6.553	6.626	171520400	6.626
6.594	6.631	6.527	6.628	170895900	6.628
6.599	6.681	6.590	6.645	50728500	6.645
6.679	6.692	6.619	6.636	117585800	6.636
6.631	6.655	6.597	6.655	46379000	6.655
6.645	6.670	6.594	6.627	56550500	6.627
6.622	6.653	6.598	6.625	87951700	6.625
6.607	6.686	6.599	6.686	49482500	6.686
6.669	6.745	6.645	6.737	39260000	6.737
6.769	6.769	6.710	6.710	40294700	6.710
6.687	6.718	6.645	6.693	38156700	6.693
6.690	6.737	6.594	6.594	31265300	6.594
6.542	6.542	6.353	6.366	74138500	6.366
6.150	6.269	6.079	6.218	189902700	6.218
6.218	6.222	5.862	5.863	91915100	5.863
5.857	6.087	5.844	6.038	72126600	6.038
6.080	6.122	5.931	6.008	70782500	6.008
6.047	6.129	5.949	5.971	50741500	5.971
5.992	6.182	5.979	6.182	52966000	6.182
6.179	6.183	6.059	6.083	70608600	6.083
6.068	6.210	6.029	6.189	45582600	6.189
6.192	6.264	6.149	6.210	56154200	6.210
6.192	6.242	6.064	6.159	47545500	6.159
6.182	6.192	6.073	6.073	63046700	6.073
6.039	6.078	5.968	6.033	40496900	6.033
6.021	6.170	6.009	6.149	49877300	6.149
6.182	6.189	6.019	6.038	46728200	6.038
5.987	5.996	5.873	5.883	76701500	5.883
5.935	6.023	5.906	6.023	44744500	6.023
6.050	6.249	5.964	6.075	86297900	6.075
5.821	5.962	5.749	5.789	121342000	5.789
5.842	5.950	5.780	5.950	58080100	5.950
5.981	6.022	5.926	5.987	63768200	5.987
5.930	6.023	5.811	5.908	55638400	5.908
5.852	5.968	5.827	5.931	48768300	5.931
5.994	6.059	5.969	6.045	56198100	6.045
6.058	6.099	5.957	5.957	91989200	5.957
6.004	6.042	5.956	5.976	63612600	5.976
6.017	6.171	6.004	6.166	172098900	6.166
6.159	6.166	6.015	6.082	52605200	6.082
6.058	6.115	6.008	6.045	43105300	6.045
6.027	6.051	5.945	5.997	59250600	5.997
6.058	6.164	6.045	6.151	67944600	6.151
6.179	6.182	6.068	6.150	196840800	6.150
5.904	6.037	5.883	6.007	79510500	6.007
5.979	6.032	5.698	5.788	80784700	5.788
5.873	5.966	5.796	5.891	99453400	5.891
5.876	5.910	5.728	5.813	64436400	5.813
5.784	5.861	5.708	5.765	76870900	5.765
5.908	5.943	5.554	5.578	91067000	5.578
5.667	5.681	5.436	5.448	107080000	5.448
5.493	5.498	5.272	5.389	129802300	5.389
5.384	5.448	5.277	5.401	66480800	5.401
5.401	5.564	5.342	5.551	117505300	5.551
5.520	5.532	5.369	5.388	104033900	5.388
5.446	5.554	5.318	5.351	131266300	5.351
5.388	5.451	5.277	5.339	82031000	5.339
5.392	5.440	5.339	5.352	108596200	5.352
5.401	5.430	5.335	5.407	81284700	5.407
5.445	5.745	5.431	5.683	164454300	5.683
5.667	5.743	5.587	5.706	75183600	5.706
5.518	5.521	5.365	5.408	87724000	5.408
5.418	5.489	5.341	5.409	142179700	5.409
5.369	5.471	5.330	5.396	115174800	5.396
5.391	5.406	5.265	5.309	152659200	5.309
5.332	5.401	5.258	5.327	111079800	5.327
5.382	5.457	5.337	5.386	108241200	5.386
5.419	5.504	5.378	5.466	115728900	5.466
5.494	5.777	5.481	5.748	171816900	5.748
5.745	5.827	5.672	5.792	124442400	5.792
5.667	5.687	5.543	5.656	109657000	5.656
5.583	5.624	5.520	5.578	83065200	5.578
5.611	5.749	5.611	5.723	69708300	5.723
5.769	5.790	5.655	5.657	85894600	5.657
5.620	5.811	5.526	5.646	67086500	5.646
5.681	5.766	5.618	5.753	62639200	5.753
5.747	5.749	5.682	5.714	33266100	5.714
5.758	5.820	5.715	5.790	50181000	5.790
5.805	5.841	5.750	5.801	49048900	5.801
5.805	5.830	5.720	5.756	89884000	5.756
5.746	5.784	5.649	5.667	76943800	5.667
5.667	5.682	5.516	5.543	99813300	5.543
5.543	5.574	5.442	5.502	85210100	5.502
5.471	5.628	5.452	5.595	63126300	5.595
5.574	5.631	5.539	5.605	39558400	5.605
5.593	5.694	5.589	5.672	96566400	5.672
5.687	5.735	5.565	5.631	45569400	5.631
5.636	5.682	5.522	5.608	58571500	5.608
5.615	5.653	5.543	5.634	61407200	5.634
5.499	5.562	5.444	5.546	58948700	5.546
5.584	5.589	5.440	5.467	41607300	5.467
5.507	5.575	5.502	5.575	44902100	5.575
5.619	5.816	5.605	5.748	82305400	5.748
5.699	5.809	5.669	5.758	55717000	5.758
5.719	5.810	5.713	5.752	44615200	5.752
5.757	5.784	5.682	5.708	63174200	5.708
5.667	5.741	5.609	5.665	67983700	5.665
5.719	5.811	5.718	5.751	48775200	5.751
5.717	5.826	5.685	5.685	62432300	5.685
5.687	5.771	5.572	5.599	84891100	5.599
5.606	5.677	5.566	5.633	91575800	5.633
5.655	5.705	5.522	5.576	148320400	5.576
5.519	5.531	5.358	5.459	133838500	5.459
5.459	5.558	5.421	5.442	49426900	5.442
5.358	5.460	5.280	5.413	65328400	5.413
5.511	5.511	5.421	5.449	49925800	5.449
5.482	5.508	5.398	5.461	47381100	5.461
5.464	5.506	5.421	5.483	55891200	5.483
5.473	5.494	5.389	5.409	65817600	5.409
5.309	5.354	5.166	5.183	113191600	5.183
5.224	5.251	5.081	5.108	167537700	5.108
5.087	5.143	4.936	4.991	165566800	4.991
5.069	5.093	4.994	5.018	189048900	5.018
5.046	5.242	4.991	5.205	89904300	5.205
5.213	5.234	5.057	5.115	94351500	5.115
5.147	5.224	5.025	5.051	93464200	5.051
5.121	5.265	5.065	5.203	305702400	5.203
5.250	5.275	5.184	5.213	333010100	5.213
5.100	5.109	4.956	5.097	158875700	5.097
5.121	5.356	5.100	5.302	112091100	5.302
5.306	5.350	5.162	5.162	82472400	5.162
5.203	5.344	5.179	5.305	204071800	5.305
5.346	5.378	5.262	5.306	115111600	5.306
5.296	5.312	5.184	5.249	49872700	5.249
5.320	5.335	5.226	5.269	41457800	5.269
5.296	5.311	5.134	5.183	67928000	5.183
4.922	4.958	4.864	4.920	299195500	4.920
4.930	4.952	4.821	4.870	324347000	4.870
4.872	4.939	4.810	4.939	104651300	4.939
4.905	5.058	4.892	5.030	64375700	5.030
4.994	5.049	4.961	4.998	87367500	4.998
5.000	5.059	4.982	5.019	41347600	5.019
5.053	5.166	5.050	5.130	80625500	5.130
5.158	5.259	5.126	5.259	70761000	5.259
5.260	5.405	5.230	5.400	86104300	5.400
5.400	5.507	5.400	5.450	66873100	5.450
5.427	5.490	5.411	5.451	60765100	5.451
5.480	5.493	5.404	5.493	68216800	5.493
5.470	5.494	5.420	5.494	51916900	5.494
5.499	5.548	5.425	5.533	57759100	5.533
5.550	5.550	5.456	5.545	101684800	5.545
5.538	5.568	5.494	5.501	43907700	5.501
5.509	5.559	5.437	5.501	44156200	5.501
5.480	5.550	5.441	5.544	39285100	5.544
5.540	5.628	5.540	5.628	43685600	5.628
5.630	5.708	5.596	5.671	44393500	5.671
5.659	5.699	5.616	5.664	36156800	5.664
5.675	5.700	5.632	5.692	24099500	5.692
5.695	5.755	5.645	5.755	44312300	5.755
5.740	5.784	5.611	5.686	36470600	5.686
5.686	5.826	5.670	5.820	66707600	5.820
5.796	5.802	5.629	5.654	55215200	5.654
5.600	5.615	5.444	5.530	61177400	5.530
5.538	5.569	5.469	5.494	27037000	5.494
5.520	5.642	5.502	5.605	58041700	5.605
5.624	5.700	5.561	5.665	31228100	5.665
5.641	5.679	5.578	5.620	36137100	5.620
5.587	5.626	5.402	5.413	70066800	5.413
5.400	5.447	5.310	5.425	54523600	5.425
5.455	5.470	5.368	5.430	34070800	5.430
5.407	5.437	5.340	5.340	47916400	5.340
5.426	5.496	5.420	5.447	43850700	5.447
5.450	5.485	5.350	5.420	58503600	5.420
5.440	5.475	5.351	5.449	39616000	5.449
5.460	5.501	5.436	5.481	41292700	5.481
5.455	5.600	5.455	5.562	51440200	5.562
5.530	5.569	5.490	5.541	38299600	5.541
5.600	5.696	5.581	5.680	72437100	5.680
5.680	5.738	5.634	5.735	58086400	5.735
5.740	5.805	5.700	5.765	64478000	5.765
5.730	5.770	5.690	5.766	43276000	5.766
5.800	5.827	5.752	5.790	55610200	5.790
5.794	5.797	5.705	5.785	45479900	5.785
5.795	5.909	5.779	5.879	125175900	5.879
5.990	5.990	5.887	5.947	155807700	5.947
5.937	5.964	5.903	5.962	105052800	5.962
5.962	5.972	5.850	5.902	90538100	5.902
5.900	5.977	5.838	5.967	48012900	5.967
5.959	6.060	5.924	6.051	87039900	6.051
6.060	6.093	5.992	6.080	54441000	6.080
6.080	6.090	6.015	6.082	48542700	6.082
5.940	6.055	5.910	6.028	66131600	6.028
6.024	6.164	6.019	6.164	115613200	6.164
6.130	6.199	6.113	6.181	51578400	6.181
6.193	6.209	6.106	6.136	48414800	6.136
6.130	6.339	6.130	6.328	298324500	6.328
6.306	6.338	6.228	6.330	287926300	6.330
6.350	6.385	6.260	6.263	147938100	6.263
6.250	6.379	6.240	6.348	187384400	6.348
6.400	6.638	6.384	6.565	151875900	6.565
6.610	6.610	6.490	6.524	59873700	6.524
6.518	6.599	6.500	6.597	38663600	6.597
6.630	6.714	6.584	6.714	155009800	6.714
6.540	6.700	6.508	6.697	195379400	6.697
6.650	6.727	6.613	6.720	319255000	6.720
6.736	6.775	6.681	6.774	328723300	6.774
6.769	6.777	6.680	6.747	82621500	6.747
6.730	6.752	6.692	6.700	77256100	6.700
6.650	6.665	6.451	6.540	223786000	6.540
6.418	6.613	6.410	6.613	90586700	6.613
6.517	6.570	6.472	6.530	106123600	6.530
6.540	6.550	6.270	6.347	73376900	6.347
6.280	6.493	6.250	6.490	64481900	6.490
6.477	6.587	6.393	6.425	90314900	6.425
6.437	6.544	6.381	6.539	61380500	6.539
6.549	6.572	6.460	6.484	24199200	6.484
6.534	6.543	6.445	6.506	101580200	6.506
6.536	6.546	6.363	6.430	66482100	6.430
6.475	6.528	6.450	6.502	36129500	6.502
6.514	6.760	6.438	6.462	117884000	6.462
6.411	6.473	6.312	6.409	75625000	6.409
6.442	6.479	6.361	6.458	35636900	6.458
6.469	6.520	6.394	6.405	50572100	6.405
6.395	6.429	6.310	6.392	65136000	6.392
6.470	6.476	6.273	6.387	61856700	6.387
6.390	6.412	6.331	6.388	54426800	6.388
6.362	6.525	6.321	6.483	55690200	6.483
6.450	6.465	6.352	6.352	62777500	6.352
6.350	6.423	6.300	6.340	104273200	6.340
6.300	6.410	6.273	6.377	29441200	6.377
6.425	6.450	6.363	6.428	56931700	6.428
6.471	6.490	6.413	6.440	57661600	6.440
6.401	6.465	6.401	6.420	50348700	6.420
6.446	6.535	6.426	6.517	72419600	6.517
6.536	6.603	6.523	6.584	38300000	6.584
6.603	6.638	6.530	6.543	53685600	6.543
6.556	6.579	6.460	6.480	45995800	6.480
6.494	6.506	6.370	6.370	77578300	6.370
6.397	6.415	6.286	6.325	84138800	6.325
6.320	6.380	6.152	6.200	69053300	6.200
6.215	6.249	6.080	6.226	81449900	6.226
6.247	6.300	6.200	6.285	91344700	6.285
6.272	6.349	6.223	6.233	63358300	6.233
6.254	6.285	6.121	6.148	142729800	6.148
6.136	6.140	6.022	6.059	55182600	6.059
6.067	6.135	6.035	6.040	61676000	6.040
6.052	6.228	6.045	6.176	85004000	6.176
6.152	6.179	6.069	6.080	77241500	6.080
6.130	6.178	6.072	6.170	81953400	6.170
6.255	6.359	6.231	6.318	97673000	6.318
6.347	6.372	6.278	6.372	200922200	6.372
6.378	6.410	6.323	6.410	87209500	6.410
6.418	6.460	6.395	6.451	14763100	6.451
6.470	6.511	6.440	6.511	57435700	6.511
6.519	6.548	6.479	6.500	53468900	6.500
6.494	6.520	6.481	6.506	14199100	6.506
6.519	6.540	6.360	6.367	91580200	6.367
6.389	6.440	6.350	6.411	60834900	6.411
6.410	6.519	6.380	6.486	72342300	6.486
6.511	6.744	6.486	6.731	179347500	6.731
6.750	6.820	6.654	6.783	73364200	6.783
6.795	6.837	6.690	6.731	77460200	6.731
6.753	6.819	6.704	6.755	53879000	6.755
6.827	6.852	6.784	6.809	61932600	6.809
6.750	6.830	6.712	6.813	70681700	6.813
6.713	6.830	6.693	6.830	90678300	6.830
6.844	6.850	6.720	6.731	74403000	6.731
6.730	6.778	6.681	6.712	126356800	6.712
6.682	6.708	6.651	6.706	32775300	6.706
6.710	6.756	6.643	6.670	54559400	6.670
6.690	6.724	6.560	6.615	74693800	6.615
6.593	6.697	6.560	6.569	70710100	6.569
6.575	6.595	6.318	6.337	113863300	6.337
6.370	6.407	6.255	6.263	91087200	6.263
6.320	6.414	6.291	6.361	60038400	6.361
6.454	6.514	6.239	6.385	80903400	6.385
6.380	6.464	6.245	6.430	63988000	6.430
6.443	6.443	6.273	6.410	70041900	6.410
6.371	6.430	6.212	6.221	66799900	6.221
6.210	6.320	6.201	6.268	60638600	6.268
6.271	6.362	6.224	6.338	60081300	6.338
6.400	6.480	6.338	6.471	113385000	6.471
6.489	6.577	6.403	6.550	65739000	6.550
6.572	6.576	6.410	6.443	90835900	6.443
6.484	6.540	6.432	6.540	37574700	6.540
6.560	6.579	6.486	6.512	56904900	6.512
6.467	6.530	6.367	6.530	63797100	6.530
6.550	6.587	6.497	6.532	55531100	6.532
6.560	6.570	6.492	6.560	19333400	6.560
6.570	6.572	6.450	6.512	40879900	6.512
6.479	6.549	6.410	6.496	42723000	6.496
6.418	6.500	6.391	6.500	49875700	6.500
6.510	6.520	6.430	6.481	48912200	6.481
6.479	6.570	6.445	6.570	36434600	6.570
6.569	6.620	6.538	6.620	38031900	6.620
6.620	6.636	6.552	6.585	30251300	6.585
6.608	6.623	6.506	6.577	32026500	6.577
6.640	6.640	6.463	6.566	60880600	6.566
6.450	6.498	6.352	6.371	75559400	6.371
6.460	6.547	6.404	6.541	59667000	6.541
6.524	6.640	6.500	6.625	55353900	6.625
6.645	6.736	6.642	6.677	53491500	6.677
6.694	6.716	6.551	6.556	56061500	6.556
6.566	6.689	6.522	6.604	51410900	6.604
6.630	6.637	6.531	6.545	29716400	6.545
6.526	6.578	6.425	6.486	67037200	6.486
6.536	6.542	6.433	6.442	63143600	6.442
6.409	6.459	6.268	6.359	100132800	6.359
6.390	6.466	6.382	6.430	57712800	6.430
6.426	6.548	6.393	6.512	83470000	6.512
6.512	6.536	6.457	6.496	41163000	6.496
6.436	6.519	6.414	6.516	73483400	6.516
6.525	6.575	6.490	6.515	92586400	6.515
6.518	6.544	6.400	6.440	57689500	6.440
6.470	6.569	6.422	6.520	68461300	6.520
6.560	6.680	6.530	6.655	64505600	6.655
6.629	6.700	6.583	6.700	55421200	6.700
6.710	6.830	6.690	6.830	76009700	6.830
6.847	6.990	6.830	6.921	79984900	6.921
6.955	7.092	6.945	7.040	113820700	7.040
7.040	7.127	6.980	7.014	96991400	7.014
7.030	7.213	7.010	7.148	95846300	7.148
7.199	7.248	7.136	7.229	91666000	7.229
7.165	7.231	7.142	7.175	65983100	7.175
7.171	7.199	7.035	7.174	131730000	7.174
7.199	7.240	7.140	7.153	72191800	7.153
7.191	7.210	7.048	7.058	64221700	7.058
7.030	7.107	6.905	7.065	95666000	7.065
6.861	7.009	6.806	7.005	116457400	7.005
7.000	7.040	6.906	6.931	111806500	6.931
6.997	7.055	6.975	7.050	70731600	7.050
7.060	7.084	6.950	7.064	59525500	7.064
7.059	7.134	7.011	7.120	85197900	7.120
7.127	7.127	7.025	7.048	124283700	7.048
7.089	7.137	7.000	7.100	70067300	7.100
7.040	7.079	6.956	6.977	90424300	6.977
7.000	7.060	6.981	7.046	55441300	7.046
7.036	7.214	7.036	7.154	79713300	7.154
7.117	7.195	7.084	7.167	81727100	7.167
7.166	7.227	7.140	7.152	37979700	7.152
7.129	7.170	7.050	7.160	54735400	7.160
7.173	7.190	7.058	7.109	45268100	7.109
7.075	7.186	7.036	7.157	57950200	7.157
7.158	7.326	7.155	7.326	70462800	7.326
7.315	7.336	7.197	7.235	57656900	7.235
7.260	7.294	7.185	7.263	59009200	7.263
7.277	7.329	7.238	7.326	46240700	7.326
7.316	7.386	7.270	7.368	67907800	7.368
7.360	7.409	7.135	7.139	94352500	7.139
7.132	7.325	7.080	7.305	66154700	7.305
7.299	7.340	7.159	7.250	41504200	7.250
7.250	7.359	7.246	7.342	53896900	7.342
7.311	7.409	7.260	7.402	43132700	7.402
7.425	7.425	7.272	7.322	64783500	7.322
7.322	7.377	7.281	7.369	25713100	7.369
7.390	7.451	7.371	7.451	30313000	7.451
7.419	7.500	7.414	7.484	77201100	7.484
7.454	7.528	7.430	7.528	43334500	7.528
7.519	7.530	7.447	7.475	45346200	7.475
7.440	7.524	7.420	7.524	58946200	7.524
7.522	7.545	7.494	7.525	38385300	7.525
7.510	7.560	7.456	7.517	39081500	7.517
7.500	7.532	7.450	7.532	52583400	7.532
7.510	7.743	7.461	7.604	84084200	7.604
7.665	7.867	7.646	7.820	81861900	7.820
7.866	7.919	7.765	7.885	44762300	7.885
7.874	7.900	7.808	7.869	65285500	7.869
7.843	7.865	7.785	7.840	46133500	7.840
7.836	7.878	7.780	7.826	34283600	7.826
7.840	7.873	7.738	7.859	52707800	7.859
7.796	7.840	7.733	7.738	46683800	7.738
7.755	7.796	7.700	7.738	46306600	7.738
7.755	7.756	7.689	7.735	42402900	7.735
7.827	7.926	7.800	7.858	80609100	7.858
7.850	7.893	7.805	7.842	88364300	7.842
7.842	7.858	7.767	7.815	53184200	7.815
7.858	7.874	7.801	7.845	87874700	7.845
7.801	7.827	7.680	7.714	79635400	7.714
7.760	7.784	7.623	7.693	86868200	7.693
7.679	7.737	7.613	7.648	35530600	7.648
7.644	7.665	7.556	7.630	132781700	7.630
7.661	7.750	7.611	7.750	54962300	7.750
7.702	7.770	7.675	7.730	62352400	7.730
7.770	7.850	7.701	7.850	94038700	7.850
7.840	7.840	7.716	7.730	33545000	7.730
7.710	7.719	7.620	7.632	77611300	7.632
7.662	7.669	7.485	7.500	90504900	7.500
7.563	7.638	7.525	7.609	102638000	7.609
7.619	7.619	7.321	7.430	110279700	7.430
7.484	7.580	7.388	7.440	77845200	7.440
7.498	7.563	7.428	7.528	63174200	7.528
7.350	7.405	7.261	7.295	117981900	7.295
7.335	7.452	7.318	7.440	130268000	7.440
7.383	7.410	7.276	7.310	63551300	7.310
7.261	7.347	7.230	7.340	82584900	7.340
7.311	7.333	7.250	7.280	42484900	7.280
7.310	7.451	7.285	7.430	58960100	7.430
7.400	7.453	7.374	7.450	56681100	7.450
7.436	7.629	7.402	7.598	65774800	7.598
7.573	7.680	7.560	7.622	49846300	7.622
7.620	7.666	7.516	7.594	46074000	7.594
7.597	7.688	7.548	7.630	118531300	7.630
7.672	7.775	7.641	7.700	56369200	7.700
7.717	7.724	7.503	7.547	70446200	7.547
7.510	7.536	7.383	7.411	59213400	7.411
7.480	7.500	7.383	7.403	44208200	7.403
7.445	7.469	7.265	7.311	53497900	7.311
7.251	7.330	7.136	7.263	58736600	7.263
7.270	7.300	7.103	7.135	66425800	7.135
7.067	7.266	7.050	7.202	65351600	7.202
7.300	7.300	7.163	7.223	65327700	7.223
7.234	7.316	7.193	7.224	41593200	7.224
7.271	7.328	7.244	7.299	46770000	7.299
7.275	7.338	7.208	7.281	39252400	7.281
7.289	7.379	7.196	7.200	44194200	7.200
7.304	7.334	7.235	7.314	44957200	7.314
7.372	7.372	7.320	7.331	22502200	7.331
7.327	7.355	7.265	7.330	31966900	7.330
7.329	7.448	7.293	7.441	35478700	7.441
7.457	7.480	7.342	7.394	28810600	7.394
7.475	7.585	7.451	7.578	70446200	7.578
7.555	7.690	7.541	7.687	43774600	7.687
7.685	7.745	7.633	7.701	46881000	7.701
7.670	7.696	7.537	7.584	36333200	7.584
7.602	7.668	7.506	7.590	42039800	7.590
7.602	7.626	7.516	7.600	26994200	7.600
7.610	7.655	7.581	7.581	32130900	7.581
7.629	7.721	7.618	7.683	47735600	7.683
7.672	7.960	7.650	7.885	102804900	7.885
7.870	7.930	7.815	7.898	67281400	7.898
7.904	7.917	7.810	7.870	31058400	7.870
7.834	7.864	7.723	7.750	113026900	7.750
7.640	7.700	7.588	7.700	78447500	7.700
7.700	7.715	7.591	7.651	51568100	7.651
7.651	7.716	7.633	7.685	37115600	7.685
7.669	7.719	7.627	7.654	97589300	7.654
7.623	7.630	7.544	7.624	43377300	7.624
7.636	7.708	7.601	7.686	67247200	7.686
7.688	7.799	7.683	7.770	82684000	7.770
7.858	7.914	7.750	7.750	97542900	7.750
7.745	7.788	7.692	7.716	62055100	7.716
7.665	7.687	7.605	7.625	58051100	7.625
7.615	7.686	7.540	7.686	54970500	7.686
7.666	7.770	7.603	7.663	60736100	7.663
7.650	7.750	7.610	7.720	46781200	7.720
7.694	7.706	7.461	7.521	62714400	7.521
7.530	7.649	7.530	7.611	76557900	7.611
7.580	7.675	7.555	7.555	201851700	7.555
7.550	7.573	7.259	7.259	99141600	7.259
7.452	7.460	7.300	7.392	55947100	7.392
7.484	7.540	7.438	7.452	48428000	7.452
7.400	7.416	7.270	7.271	58332300	7.271
7.250	7.378	7.211	7.220	416200200	7.220
7.330	7.335	7.095	7.166	461831100	7.166
7.080	7.258	7.070	7.116	70981700	7.116
7.071	7.235	7.051	7.150	85509800	7.150
7.149	7.194	7.020	7.149	60172800	7.149
7.165	7.183	6.815	6.861	129970000	6.861
6.899	6.949	6.487	6.733	279638000	6.733
6.791	6.993	6.716	6.966	107939000	6.966
6.816	6.886	6.732	6.814	451783200	6.814
6.780	6.979	6.738	6.949	435497300	6.949
6.961	6.992	6.850	6.992	114289500	6.992
6.940	7.065	6.882	7.030	77211600	7.030
7.000	7.075	6.971	7.041	94148300	7.041
7.151	7.161	6.791	6.866	119323000	6.866
6.924	7.015	6.891	6.965	71740200	6.965
7.010	7.014	6.813	6.860	79857700	6.860
6.889	6.925	6.634	6.839	92936600	6.839
6.980	7.057	6.905	7.028	88993300	7.028
6.989	7.048	6.936	6.990	132489100	6.990
6.980	7.085	6.739	6.750	114936000	6.750
6.864	6.866	6.685	6.834	60924700	6.834
6.800	6.996	6.678	6.780	141087400	6.780
6.791	6.799	6.550	6.648	77814600	6.648
6.660	6.748	6.623	6.731	88413200	6.731
6.752	6.820	6.717	6.791	101498000	6.791
6.750	6.787	6.612	6.633	59120500	6.633
6.705	6.718	6.541	6.636	45529400	6.636
6.725	6.728	6.590	6.669	60859700	6.669
6.611	6.806	6.575	6.765	61529500	6.765
6.759	6.877	6.717	6.818	271934600	6.818
6.798	6.855	6.762	6.810	58541300	6.810
6.750	6.750	6.610	6.675	71542200	6.675
6.670	6.950	6.654	6.919	130901900	6.919
6.979	7.157	6.951	7.090	113045000	7.090
7.052	7.235	7.051	7.161	72862400	7.161
7.160	7.188	7.097	7.141	52457800	7.141
7.130	7.195	7.127	7.183	39652100	7.183
7.186	7.249	7.143	7.249	58885700	7.249
7.190	7.225	7.141	7.176	46229800	7.176
7.202	7.284	7.156	7.271	48982400	7.271
7.271	7.395	7.266	7.375	79810900	7.375
7.387	7.416	7.056	7.140	86254100	7.140
7.252	7.381	7.221	7.380	63590800	7.380
7.350	7.397	7.292	7.292	26277700	7.292
7.234	7.243	7.022	7.032	87746000	7.032
7.099	7.140	6.941	6.980	78127600	6.980
6.970	7.080	6.945	7.011	54848600	7.011
6.950	7.006	6.770	6.778	74718500	6.778
6.817	6.912	6.635	6.636	82592500	6.636
6.710	6.836	6.450	6.820	133593700	6.820
6.730	6.878	6.672	6.833	140985000	6.833
6.930	7.089	6.901	7.080	120789200	7.080
7.141	7.158	6.853	7.093	236150500	7.093
7.121	7.144	7.025	7.090	79428400	7.090
7.090	7.179	7.020	7.179	79685800	7.179
7.140	7.189	7.134	7.169	7255700	7.169
7.158	7.167	6.944	7.143	57581500	7.143
7.112	7.112	7.021	7.021	75952800	7.021
7.010	7.044	6.979	6.996	19678000	6.996
